16,13,11,6,12,1,14,10,4,9,5,7,2,0,3,18,8,17,15
16,13,11,6,10,4,9,5,7,2,15,17,8,18,3,0,14,1,12
12,6,11,13,16,10,4,9,5,7,2,15,17,8,18,3,0,14,1
16,13,11,6,10,4,9,5,7,2,15,17,8,18,3,0,14,1,12
16,13,11,6,10,4,9,5,7,2,15,17,8,18,3,0,14,1,12
12,6,11,13,16,10,4,9,5,7,2,15,17,8,18,3,0,14,1
16,13,11,6,10,4,9,5,7,2,15,17,8,18,3,0,14,1,12
16,13,11,6,10,4,9,5,7,2,15,17,8,18,3,0,14,1,12
16,13,11,6,10,4,9,5,7,2,15,17,8,18,3,0,14,1,12
16,13,11,6,12,14,10,4,9,5,7,2,15,17,8,18,3,0,1
12,6,11,13,16,10,4,9,5,7,2,15,17,8,18,3,0,14,1
12,6,11,13,16,10,4,9,5,7,2,15,17,8,18,3,0,14,1
15,17,8,18,14,12,6,11,13,16,10,4,9,5,7,2,3,0,1
15,17,8,18,14,6,11,13,16,10,4,9,5,7,2,3,0,1,12
15,17,8,18,14,12,6,11,13,16,10,4,9,5,7,2,3,0,1
15,17,8,18,14,12,6,11,13,16,10,4,9,5,7,2,3,0,1
16,14,18,15,17,8,12,6,11,13,10,4,9,5,7,2,3,0,1
15,17,8,18,14,12,6,11,13,16,10,4,9,5,7,2,3,0,1
16,13,15,17,8,18,14,12,6,11,10,4,9,5,7,2,3,0,1
16,13,15,17,8,18,14,12,6,11,10,4,9,5,7,2,3,0,1
16,15,17,8,18,14,12,6,11,13,10,4,9,5,7,2,3,0,1
16,15,17,8,18,14,12,6,11,13,10,4,9,5,7,2,3,0,1
16,13,15,17,8,18,14,12,6,11,10,4,9,5,7,2,3,0,1
16,15,17,8,18,14,12,6,11,13,10,4,9,5,7,2,3,0,1
16,15,17,8,18,14,12,6,11,13,10,4,9,5,7,2,3,0,1
16,13,15,17,8,18,14,12,6,11,10,4,9,5,7,2,3,0,1
15,17,8,18,3,0,2,7,5,9,4,10,14,1,12,6,11,13,16
15,17,8,18,3,0,2,7,5,9,4,10,14,1,12,6,11,13,16
16,13,11,6,10,4,9,5,7,2,15,17,8,18,3,0,14,1,12
16,13,11,6,12,1,14,10,4,9,5,7,2,0,3,18,8,17,15
16,13,11,6,10,4,9,5,7,2,15,17,8,18,3,0,14,1,12
12,6,11,13,16,10,4,9,5,7,2,15,17,8,18,3,0,14,1
16,13,11,6,12,1,14,10,4,9,5,7,2,0,3,18,8,17,15
16,13,11,6,12,1,14,10,4,9,5,7,2,0,3,18,8,17,15
16,13,11,6,12,1,14,10,4,9,5,7,2,0,3,18,8,17,15
16,13,11,6,12,1,14,10,4,9,5,7,2,0,3,18,8,17,15
15,17,8,18,3,0,2,7,5,9,4,10,14,1,12,6,11,13,16
16,13,11,6,12,1,14,10,4,9,5,7,2,0,3,18,8,17,15
16,13,11,6,12,1,14,10,4,9,5,7,2,0,3,18,8,17,15
16,13,11,6,12,1,14,10,4,9,5,7,2,0,3,18,8,17,15
16,13,11,6,12,1,14,10,4,9,5,7,2,0,3,18,8,17,15
16,13,11,6,12,1,14,10,4,9,5,7,2,0,3,18,8,17,15
16,13,11,6,12,1,14,10,4,9,5,7,2,0,3,18,8,17,15
16,13,11,6,10,4,9,5,7,2,15,17,8,18,3,0,14,1,12
16,13,11,6,10,4,9,5,7,2,15,17,8,18,3,0,14,1,12
16,13,11,6,10,4,9,5,7,2,15,17,8,18,3,0,14,1,12
16,13,11,6,12,1,14,10,4,9,5,7,2,0,3,18,8,17,15
16,13,11,6,12,1,14,10,4,9,5,7,2,0,3,18,8,17,15
15,17,8,18,14,16,13,11,6,10,4,9,5,7,2,3,0,1,12
16,13,11,6,12,1,14,10,4,9,5,7,2,0,3,18,8,17,15
16,13,11,6,12,14,10,4,9,5,7,2,15,17,8,18,3,0,1
16,13,11,6,12,1,14,10,4,9,5,7,2,0,3,18,8,17,15
12,6,11,13,16,10,4,9,5,7,2,15,17,8,18,3,0,14,1
16,13,11,6,12,14,10,4,9,5,7,2,15,17,8,18,3,0,1
15,17,8,18,14,12,6,11,13,16,10,4,9,5,7,2,3,0,1
12,6,11,13,16,10,4,9,5,7,2,15,17,8,18,3,0,14,1
15,17,8,18,14,12,6,11,13,16,10,4,9,5,7,2,3,0,1
15,17,8,18,14,12,6,11,13,16,10,4,9,5,7,2,3,0,1
16,13,11,6,12,14,10,4,9,5,7,2,15,17,8,18,3,0,1
15,17,8,18,14,12,6,11,13,16,10,4,9,5,7,2,3,0,1
15,17,8,18,14,12,6,11,13,16,10,4,9,5,7,2,3,0,1
16,13,11,6,12,1,14,10,4,9,5,7,2,0,3,18,8,17,15
15,17,8,18,14,6,11,13,16,10,4,9,5,7,2,3,0,1,12
15,17,8,18,14,12,6,11,13,16,10,4,9,5,7,2,3,0,1
16,13,11,6,12,14,10,4,9,5,7,2,15,17,8,18,3,0,1
15,17,8,18,14,16,13,11,6,10,4,9,5,7,2,3,0,1,12
15,17,8,18,14,12,6,11,13,16,10,4,9,5,7,2,3,0,1
16,13,15,17,8,18,14,12,6,11,10,4,9,5,7,2,3,0,1
15,17,8,18,14,12,6,11,13,16,10,4,9,5,7,2,3,0,1
16,13,17,15,8,18,14,12,6,11,10,4,9,5,7,2,3,0,1
16,13,15,17,8,18,14,12,6,11,10,4,9,5,7,2,3,0,1
16,13,15,17,8,18,14,12,6,11,10,4,9,5,7,2,3,0,1
16,13,17,15,8,18,14,12,6,11,10,4,9,5,7,2,3,0,1
16,13,15,17,8,18,14,12,6,11,10,4,9,5,7,2,3,0,1
16,15,17,8,18,14,12,6,11,13,10,4,9,5,7,2,3,0,1
16,13,15,17,8,18,14,12,6,11,10,4,9,5,7,2,3,0,1
16,13,17,15,8,18,14,12,6,11,10,4,9,5,7,2,3,0,1
16,15,17,8,18,14,12,6,11,13,10,4,9,5,7,2,3,0,1
16,13,15,17,8,18,14,12,6,11,10,4,9,5,7,2,3,0,1
16,13,11,6,12,1,14,10,4,9,5,7,2,0,3,18,8,17,15
16,13,11,6,12,1,14,10,4,9,5,7,2,0,3,18,8,17,15
16,13,11,6,12,1,14,10,4,9,5,7,2,0,3,18,8,17,15
16,13,11,6,12,1,14,10,4,9,5,7,2,0,3,18,8,17,15
16,13,11,6,12,1,14,10,4,9,5,7,2,0,3,18,8,17,15
16,13,11,6,12,1,14,10,4,9,5,7,2,0,3,18,8,17,15
16,13,11,6,12,1,14,10,4,9,5,7,2,0,3,18,8,17,15
16,13,11,6,12,1,14,10,4,9,5,7,2,0,3,18,8,17,15
12,6,11,13,16,10,4,9,5,7,2,15,17,8,18,3,0,14,1
16,13,11,6,10,4,9,5,7,2,15,17,8,18,3,0,14,1,12
16,13,11,6,12,1,14,10,4,9,5,7,2,0,3,18,8,17,15
15,17,8,18,14,6,11,13,16,10,4,9,5,7,2,3,0,1,12
15,17,8,18,14,12,6,11,13,16,10,4,9,5,7,2,3,0,1
16,13,11,6,12,14,10,4,9,5,7,2,15,17,8,18,3,0,1
15,17,8,18,14,12,6,11,13,16,10,4,9,5,7,2,3,0,1
15,17,8,18,14,12,6,11,13,16,10,4,9,5,7,2,3,0,1
15,17,8,18,14,12,6,11,13,16,10,4,9,5,7,2,3,0,1
15,17,8,18,14,12,6,11,13,16,10,4,9,5,7,2,3,0,1
15,17,8,18,14,12,6,11,13,16,10,4,9,5,7,2,3,0,1
15,17,8,18,14,12,6,11,13,16,10,4,9,5,7,2,3,0,1
16,15,17,8,18,14,12,6,11,13,10,4,9,5,7,2,3,0,1
16,13,15,17,8,18,14,12,6,11,10,4,9,5,7,2,3,0,1
16,13,11,6,12,1,14,10,4,9,5,7,2,0,3,18,8,17,15
16,13,11,6,10,4,9,5,7,2,15,17,8,18,3,0,14,1,12
16,13,11,6,12,1,14,10,4,9,5,7,2,0,3,18,8,17,15
16,13,11,6,10,4,9,5,7,2,15,17,8,18,3,0,14,1,12
16,13,11,6,12,1,14,10,4,9,5,7,2,0,3,18,8,17,15
16,13,11,6,12,1,14,10,4,9,5,7,2,0,3,18,8,17,15
16,13,11,6,12,1,14,10,4,9,5,7,2,0,3,18,8,17,15
15,17,8,18,14,6,11,13,16,10,4,9,5,7,2,3,0,1,12
16,13,11,6,12,14,10,4,9,5,7,2,15,17,8,18,3,0,1
15,17,8,18,14,12,6,11,13,16,10,4,9,5,7,2,3,0,1
15,17,8,18,14,6,11,13,16,10,4,9,5,7,2,3,0,1,12
16,13,11,6,12,14,10,4,9,5,7,2,15,17,8,18,3,0,1
16,13,17,15,8,18,14,12,6,11,10,4,9,5,7,2,3,0,1
16,13,15,17,8,18,14,12,6,11,10,4,9,5,7,2,3,0,1
16,13,15,17,8,18,14,12,6,11,10,4,9,5,7,2,3,0,1
16,13,15,17,8,18,14,12,6,11,10,4,9,5,7,2,3,0,1
16,18,15,17,8,14,12,6,11,13,10,4,9,5,7,2,3,0,1
16,15,17,8,18,14,12,6,11,13,10,4,9,5,7,2,3,0,1
15,17,8,18,14,12,6,11,13,16,10,4,9,5,7,2,3,0,1
16,13,11,6,10,4,9,5,7,2,15,17,8,18,3,0,14,1,12
16,13,11,6,12,1,14,10,4,9,5,7,2,0,3,18,8,17,15
16,13,11,6,10,4,9,5,7,2,15,17,8,18,3,0,14,1,12
16,13,11,6,10,4,9,5,7,2,15,17,8,18,3,0,14,1,12
16,13,11,6,10,4,9,5,7,2,15,17,8,18,3,0,14,1,12
16,13,11,6,10,4,9,5,7,2,15,17,8,18,3,0,14,1,12
16,13,11,6,12,1,14,10,4,9,5,7,2,0,3,18,8,17,15
16,13,11,6,10,4,9,5,7,2,15,17,8,18,3,0,14,1,12
15,17,8,18,14,6,11,13,16,10,4,9,5,7,2,3,0,1,12
15,17,8,18,14,12,6,11,13,16,10,4,9,5,7,2,3,0,1
15,17,8,18,14,12,6,11,13,16,10,4,9,5,7,2,3,0,1
15,17,8,18,14,12,6,11,13,16,10,4,9,5,7,2,3,0,1
15,17,8,18,14,12,6,11,13,16,10,4,9,5,7,2,3,0,1
16,15,17,8,18,14,12,6,11,13,10,4,9,5,7,2,3,0,1
15,17,8,18,14,12,6,11,13,16,10,4,9,5,7,2,3,0,1
16,15,17,8,18,14,12,6,11,13,10,4,9,5,7,2,3,0,1
16,15,17,8,18,14,12,6,11,13,10,4,9,5,7,2,3,0,1
