"[15, 17, 8, 18, 3, 0, 2, 7, 5, 9, 4, 10, 14, 1, 12, 6, 11, 13, 16]",45.39999999999999
"[15, 17, 8, 18, 3, 0, 2, 7, 5, 9, 4, 10, 14, 1, 12, 6, 11, 13, 16]",45.39999999999999
"[15, 17, 8, 18, 3, 0, 2, 7, 5, 9, 4, 10, 14, 1, 12, 6, 11, 13, 16]",45.39999999999999
"[16, 13, 11, 6, 12, 1, 14, 10, 4, 9, 5, 7, 2, 0, 3, 18, 8, 17, 15]",45.4
"[16, 13, 11, 6, 12, 1, 14, 10, 4, 9, 5, 7, 2, 0, 3, 18, 8, 17, 15]",45.4
"[16, 13, 11, 6, 12, 1, 14, 10, 4, 9, 5, 7, 2, 0, 3, 18, 8, 17, 15]",45.4
"[16, 13, 11, 6, 12, 1, 14, 10, 4, 9, 5, 7, 2, 0, 3, 18, 8, 17, 15]",45.4
"[16, 13, 11, 6, 12, 1, 14, 10, 4, 9, 5, 7, 2, 0, 3, 18, 8, 17, 15]",45.4
"[16, 13, 11, 6, 12, 1, 14, 10, 4, 9, 5, 7, 2, 0, 3, 18, 8, 17, 15]",45.4
"[16, 13, 11, 6, 12, 1, 14, 10, 4, 9, 5, 7, 2, 0, 3, 18, 8, 17, 15]",45.4
"[16, 13, 11, 6, 12, 1, 14, 10, 4, 9, 5, 7, 2, 0, 3, 18, 8, 17, 15]",45.4
"[16, 13, 11, 6, 12, 1, 14, 10, 4, 9, 5, 7, 2, 0, 3, 18, 8, 17, 15]",45.4
"[16, 13, 11, 6, 12, 1, 14, 10, 4, 9, 5, 7, 2, 0, 3, 18, 8, 17, 15]",45.4
"[16, 13, 11, 6, 12, 1, 14, 10, 4, 9, 5, 7, 2, 0, 3, 18, 8, 17, 15]",45.4
"[16, 13, 11, 6, 12, 1, 14, 10, 4, 9, 5, 7, 2, 0, 3, 18, 8, 17, 15]",45.4
"[16, 13, 11, 6, 12, 1, 14, 10, 4, 9, 5, 7, 2, 0, 3, 18, 8, 17, 15]",45.4
"[16, 13, 11, 6, 12, 1, 14, 10, 4, 9, 5, 7, 2, 0, 3, 18, 8, 17, 15]",45.4
"[16, 13, 11, 6, 12, 1, 14, 10, 4, 9, 5, 7, 2, 0, 3, 18, 8, 17, 15]",45.4
"[16, 13, 11, 6, 12, 1, 14, 10, 4, 9, 5, 7, 2, 0, 3, 18, 8, 17, 15]",45.4
"[16, 13, 11, 6, 12, 1, 14, 10, 4, 9, 5, 7, 2, 0, 3, 18, 8, 17, 15]",45.4
"[16, 13, 11, 6, 12, 1, 14, 10, 4, 9, 5, 7, 2, 0, 3, 18, 8, 17, 15]",45.4
"[16, 13, 11, 6, 12, 1, 14, 10, 4, 9, 5, 7, 2, 0, 3, 18, 8, 17, 15]",45.4
"[16, 13, 11, 6, 12, 1, 14, 10, 4, 9, 5, 7, 2, 0, 3, 18, 8, 17, 15]",45.4
"[16, 13, 11, 6, 12, 1, 14, 10, 4, 9, 5, 7, 2, 0, 3, 18, 8, 17, 15]",45.4
"[16, 13, 11, 6, 12, 1, 14, 10, 4, 9, 5, 7, 2, 0, 3, 18, 8, 17, 15]",45.4
"[16, 13, 11, 6, 12, 1, 14, 10, 4, 9, 5, 7, 2, 0, 3, 18, 8, 17, 15]",45.4
"[16, 13, 11, 6, 12, 1, 14, 10, 4, 9, 5, 7, 2, 0, 3, 18, 8, 17, 15]",45.4
"[16, 13, 11, 6, 12, 1, 14, 10, 4, 9, 5, 7, 2, 0, 3, 18, 8, 17, 15]",45.4
"[16, 13, 11, 6, 12, 1, 14, 10, 4, 9, 5, 7, 2, 0, 3, 18, 8, 17, 15]",45.4
"[16, 13, 11, 6, 12, 1, 14, 10, 4, 9, 5, 7, 2, 0, 3, 18, 8, 17, 15]",45.4
"[16, 13, 11, 6, 12, 1, 14, 10, 4, 9, 5, 7, 2, 0, 3, 18, 8, 17, 15]",45.4
"[16, 13, 11, 6, 12, 1, 14, 10, 4, 9, 5, 7, 2, 0, 3, 18, 8, 17, 15]",45.4
"[16, 13, 11, 6, 12, 1, 14, 10, 4, 9, 5, 7, 2, 0, 3, 18, 8, 17, 15]",45.4
"[16, 13, 11, 6, 12, 1, 14, 10, 4, 9, 5, 7, 2, 0, 3, 18, 8, 17, 15]",45.4
"[16, 13, 11, 6, 12, 1, 14, 10, 4, 9, 5, 7, 2, 0, 3, 18, 8, 17, 15]",45.4
"[16, 13, 11, 6, 10, 4, 9, 5, 7, 2, 15, 17, 8, 18, 3, 0, 14, 1, 12]",45.6
"[16, 13, 11, 6, 10, 4, 9, 5, 7, 2, 15, 17, 8, 18, 3, 0, 14, 1, 12]",45.6
"[16, 13, 11, 6, 10, 4, 9, 5, 7, 2, 15, 17, 8, 18, 3, 0, 14, 1, 12]",45.6
"[16, 13, 11, 6, 10, 4, 9, 5, 7, 2, 15, 17, 8, 18, 3, 0, 14, 1, 12]",45.6
"[16, 13, 11, 6, 10, 4, 9, 5, 7, 2, 15, 17, 8, 18, 3, 0, 14, 1, 12]",45.6
"[16, 13, 11, 6, 10, 4, 9, 5, 7, 2, 15, 17, 8, 18, 3, 0, 14, 1, 12]",45.6
"[16, 13, 11, 6, 10, 4, 9, 5, 7, 2, 15, 17, 8, 18, 3, 0, 14, 1, 12]",45.6
"[16, 13, 11, 6, 10, 4, 9, 5, 7, 2, 15, 17, 8, 18, 3, 0, 14, 1, 12]",45.6
"[16, 13, 11, 6, 10, 4, 9, 5, 7, 2, 15, 17, 8, 18, 3, 0, 14, 1, 12]",45.6
"[16, 13, 11, 6, 10, 4, 9, 5, 7, 2, 15, 17, 8, 18, 3, 0, 14, 1, 12]",45.6
"[16, 13, 11, 6, 10, 4, 9, 5, 7, 2, 15, 17, 8, 18, 3, 0, 14, 1, 12]",45.6
"[16, 13, 11, 6, 10, 4, 9, 5, 7, 2, 15, 17, 8, 18, 3, 0, 14, 1, 12]",45.6
"[16, 13, 11, 6, 10, 4, 9, 5, 7, 2, 15, 17, 8, 18, 3, 0, 14, 1, 12]",45.6
"[16, 13, 11, 6, 10, 4, 9, 5, 7, 2, 15, 17, 8, 18, 3, 0, 14, 1, 12]",45.6
"[16, 13, 11, 6, 10, 4, 9, 5, 7, 2, 15, 17, 8, 18, 3, 0, 14, 1, 12]",45.6
"[12, 6, 11, 13, 16, 10, 4, 9, 5, 7, 2, 15, 17, 8, 18, 3, 0, 14, 1]",49.4
"[12, 6, 11, 13, 16, 10, 4, 9, 5, 7, 2, 15, 17, 8, 18, 3, 0, 14, 1]",49.4
"[12, 6, 11, 13, 16, 10, 4, 9, 5, 7, 2, 15, 17, 8, 18, 3, 0, 14, 1]",49.4
"[12, 6, 11, 13, 16, 10, 4, 9, 5, 7, 2, 15, 17, 8, 18, 3, 0, 14, 1]",49.4
"[12, 6, 11, 13, 16, 10, 4, 9, 5, 7, 2, 15, 17, 8, 18, 3, 0, 14, 1]",49.4
"[12, 6, 11, 13, 16, 10, 4, 9, 5, 7, 2, 15, 17, 8, 18, 3, 0, 14, 1]",49.4
"[12, 6, 11, 13, 16, 10, 4, 9, 5, 7, 2, 15, 17, 8, 18, 3, 0, 14, 1]",49.4
"[12, 6, 11, 13, 16, 10, 4, 9, 5, 7, 2, 15, 17, 8, 18, 3, 0, 14, 1]",49.4
"[16, 13, 11, 6, 12, 14, 10, 4, 9, 5, 7, 2, 15, 17, 8, 18, 3, 0, 1]",51.0
"[15, 17, 8, 18, 14, 6, 11, 13, 16, 10, 4, 9, 5, 7, 2, 3, 0, 1, 12]",51.0
"[16, 13, 11, 6, 12, 14, 10, 4, 9, 5, 7, 2, 15, 17, 8, 18, 3, 0, 1]",51.0
"[16, 13, 11, 6, 12, 14, 10, 4, 9, 5, 7, 2, 15, 17, 8, 18, 3, 0, 1]",51.0
"[16, 13, 11, 6, 12, 14, 10, 4, 9, 5, 7, 2, 15, 17, 8, 18, 3, 0, 1]",51.0
"[15, 17, 8, 18, 14, 6, 11, 13, 16, 10, 4, 9, 5, 7, 2, 3, 0, 1, 12]",51.0
"[16, 13, 11, 6, 12, 14, 10, 4, 9, 5, 7, 2, 15, 17, 8, 18, 3, 0, 1]",51.0
"[15, 17, 8, 18, 14, 6, 11, 13, 16, 10, 4, 9, 5, 7, 2, 3, 0, 1, 12]",51.0
"[16, 13, 11, 6, 12, 14, 10, 4, 9, 5, 7, 2, 15, 17, 8, 18, 3, 0, 1]",51.0
"[15, 17, 8, 18, 14, 6, 11, 13, 16, 10, 4, 9, 5, 7, 2, 3, 0, 1, 12]",51.0
"[16, 13, 11, 6, 12, 14, 10, 4, 9, 5, 7, 2, 15, 17, 8, 18, 3, 0, 1]",51.0
"[15, 17, 8, 18, 14, 6, 11, 13, 16, 10, 4, 9, 5, 7, 2, 3, 0, 1, 12]",51.0
"[16, 13, 11, 6, 12, 14, 10, 4, 9, 5, 7, 2, 15, 17, 8, 18, 3, 0, 1]",51.0
"[15, 17, 8, 18, 14, 12, 6, 11, 13, 16, 10, 4, 9, 5, 7, 2, 3, 0, 1]",53.0
"[15, 17, 8, 18, 14, 12, 6, 11, 13, 16, 10, 4, 9, 5, 7, 2, 3, 0, 1]",53.0
"[15, 17, 8, 18, 14, 12, 6, 11, 13, 16, 10, 4, 9, 5, 7, 2, 3, 0, 1]",53.0
"[15, 17, 8, 18, 14, 12, 6, 11, 13, 16, 10, 4, 9, 5, 7, 2, 3, 0, 1]",53.0
"[15, 17, 8, 18, 14, 16, 13, 11, 6, 10, 4, 9, 5, 7, 2, 3, 0, 1, 12]",53.0
"[15, 17, 8, 18, 14, 12, 6, 11, 13, 16, 10, 4, 9, 5, 7, 2, 3, 0, 1]",53.0
"[15, 17, 8, 18, 14, 12, 6, 11, 13, 16, 10, 4, 9, 5, 7, 2, 3, 0, 1]",53.0
"[15, 17, 8, 18, 14, 12, 6, 11, 13, 16, 10, 4, 9, 5, 7, 2, 3, 0, 1]",53.0
"[15, 17, 8, 18, 14, 12, 6, 11, 13, 16, 10, 4, 9, 5, 7, 2, 3, 0, 1]",53.0
"[15, 17, 8, 18, 14, 12, 6, 11, 13, 16, 10, 4, 9, 5, 7, 2, 3, 0, 1]",53.0
"[15, 17, 8, 18, 14, 12, 6, 11, 13, 16, 10, 4, 9, 5, 7, 2, 3, 0, 1]",53.0
"[15, 17, 8, 18, 14, 16, 13, 11, 6, 10, 4, 9, 5, 7, 2, 3, 0, 1, 12]",53.0
"[15, 17, 8, 18, 14, 12, 6, 11, 13, 16, 10, 4, 9, 5, 7, 2, 3, 0, 1]",53.0
"[15, 17, 8, 18, 14, 12, 6, 11, 13, 16, 10, 4, 9, 5, 7, 2, 3, 0, 1]",53.0
"[15, 17, 8, 18, 14, 12, 6, 11, 13, 16, 10, 4, 9, 5, 7, 2, 3, 0, 1]",53.0
"[15, 17, 8, 18, 14, 12, 6, 11, 13, 16, 10, 4, 9, 5, 7, 2, 3, 0, 1]",53.0
"[15, 17, 8, 18, 14, 12, 6, 11, 13, 16, 10, 4, 9, 5, 7, 2, 3, 0, 1]",53.0
"[15, 17, 8, 18, 14, 12, 6, 11, 13, 16, 10, 4, 9, 5, 7, 2, 3, 0, 1]",53.0
"[15, 17, 8, 18, 14, 12, 6, 11, 13, 16, 10, 4, 9, 5, 7, 2, 3, 0, 1]",53.0
"[15, 17, 8, 18, 14, 12, 6, 11, 13, 16, 10, 4, 9, 5, 7, 2, 3, 0, 1]",53.0
"[15, 17, 8, 18, 14, 12, 6, 11, 13, 16, 10, 4, 9, 5, 7, 2, 3, 0, 1]",53.0
"[15, 17, 8, 18, 14, 12, 6, 11, 13, 16, 10, 4, 9, 5, 7, 2, 3, 0, 1]",53.0
"[15, 17, 8, 18, 14, 12, 6, 11, 13, 16, 10, 4, 9, 5, 7, 2, 3, 0, 1]",53.0
"[16, 13, 15, 17, 8, 18, 14, 12, 6, 11, 10, 4, 9, 5, 7, 2, 3, 0, 1]",62.6
"[16, 13, 15, 17, 8, 18, 14, 12, 6, 11, 10, 4, 9, 5, 7, 2, 3, 0, 1]",62.6
"[16, 13, 15, 17, 8, 18, 14, 12, 6, 11, 10, 4, 9, 5, 7, 2, 3, 0, 1]",62.6
"[16, 13, 15, 17, 8, 18, 14, 12, 6, 11, 10, 4, 9, 5, 7, 2, 3, 0, 1]",62.6
"[16, 13, 15, 17, 8, 18, 14, 12, 6, 11, 10, 4, 9, 5, 7, 2, 3, 0, 1]",62.6
"[16, 13, 17, 15, 8, 18, 14, 12, 6, 11, 10, 4, 9, 5, 7, 2, 3, 0, 1]",62.6
"[16, 13, 15, 17, 8, 18, 14, 12, 6, 11, 10, 4, 9, 5, 7, 2, 3, 0, 1]",62.6
"[16, 13, 15, 17, 8, 18, 14, 12, 6, 11, 10, 4, 9, 5, 7, 2, 3, 0, 1]",62.6
"[16, 13, 17, 15, 8, 18, 14, 12, 6, 11, 10, 4, 9, 5, 7, 2, 3, 0, 1]",62.6
"[16, 13, 15, 17, 8, 18, 14, 12, 6, 11, 10, 4, 9, 5, 7, 2, 3, 0, 1]",62.6
"[16, 13, 15, 17, 8, 18, 14, 12, 6, 11, 10, 4, 9, 5, 7, 2, 3, 0, 1]",62.6
"[16, 13, 17, 15, 8, 18, 14, 12, 6, 11, 10, 4, 9, 5, 7, 2, 3, 0, 1]",62.6
"[16, 13, 15, 17, 8, 18, 14, 12, 6, 11, 10, 4, 9, 5, 7, 2, 3, 0, 1]",62.6
"[16, 13, 15, 17, 8, 18, 14, 12, 6, 11, 10, 4, 9, 5, 7, 2, 3, 0, 1]",62.6
"[16, 13, 17, 15, 8, 18, 14, 12, 6, 11, 10, 4, 9, 5, 7, 2, 3, 0, 1]",62.6
"[16, 13, 15, 17, 8, 18, 14, 12, 6, 11, 10, 4, 9, 5, 7, 2, 3, 0, 1]",62.6
"[16, 13, 15, 17, 8, 18, 14, 12, 6, 11, 10, 4, 9, 5, 7, 2, 3, 0, 1]",62.6
"[16, 13, 15, 17, 8, 18, 14, 12, 6, 11, 10, 4, 9, 5, 7, 2, 3, 0, 1]",62.6
"[16, 14, 18, 15, 17, 8, 12, 6, 11, 13, 10, 4, 9, 5, 7, 2, 3, 0, 1]",62.800000000000004
"[16, 18, 15, 17, 8, 14, 12, 6, 11, 13, 10, 4, 9, 5, 7, 2, 3, 0, 1]",63.7
"[16, 15, 17, 8, 18, 14, 12, 6, 11, 13, 10, 4, 9, 5, 7, 2, 3, 0, 1]",64.0
"[16, 15, 17, 8, 18, 14, 12, 6, 11, 13, 10, 4, 9, 5, 7, 2, 3, 0, 1]",64.0
"[16, 15, 17, 8, 18, 14, 12, 6, 11, 13, 10, 4, 9, 5, 7, 2, 3, 0, 1]",64.0
"[16, 15, 17, 8, 18, 14, 12, 6, 11, 13, 10, 4, 9, 5, 7, 2, 3, 0, 1]",64.0
"[16, 15, 17, 8, 18, 14, 12, 6, 11, 13, 10, 4, 9, 5, 7, 2, 3, 0, 1]",64.0
"[16, 15, 17, 8, 18, 14, 12, 6, 11, 13, 10, 4, 9, 5, 7, 2, 3, 0, 1]",64.0
"[16, 15, 17, 8, 18, 14, 12, 6, 11, 13, 10, 4, 9, 5, 7, 2, 3, 0, 1]",64.0
"[16, 15, 17, 8, 18, 14, 12, 6, 11, 13, 10, 4, 9, 5, 7, 2, 3, 0, 1]",64.0
