14,0,3,18,8,17,2,9,4,7,6,10,1,12,5,11,15,16,13,4,6,9
0,3,18,8,17,15,2,9,14,4,6,12,11,1,5,7,10,13,16,4,6,9
7,9,3,0,18,8,17,15,1,12,11,13,5,4,14,16,2,10,6,4,7,8
14,10,4,9,7,2,3,18,17,15,12,11,6,13,0,16,5,1,8,10,5,4
15,17,18,14,10,4,9,3,0,5,1,7,16,13,8,2,11,12,6,9,6,4
18,15,17,8,10,13,11,9,4,14,0,16,5,2,3,1,12,7,6,11,4,4
15,17,18,14,2,9,4,10,1,5,11,3,7,13,0,12,6,8,16,5,5,9
16,13,6,11,10,14,17,8,18,0,3,7,2,4,15,9,5,12,1,10,5,4
15,17,18,14,10,13,6,12,1,7,2,5,8,9,16,3,11,4,0,9,6,4
16,13,11,14,18,15,17,0,7,9,12,6,2,3,4,5,8,10,1,8,7,4
18,15,17,8,14,9,16,13,11,10,1,7,2,5,6,0,3,12,4,11,4,4
15,17,18,14,10,13,16,2,7,4,8,1,6,5,9,11,0,12,3,8,7,4
15,17,18,14,10,13,16,2,3,5,9,6,0,11,8,12,1,4,7,8,7,4
8,18,3,0,2,9,4,10,14,11,7,12,1,15,5,13,6,16,17,4,6,9
15,17,18,14,10,13,16,2,11,8,5,6,1,12,4,3,0,7,9,8,7,4
17,15,18,14,11,13,16,2,12,3,6,7,9,4,0,8,1,5,10,8,7,4
