3,15,17,8,18,0,14,6,11,13,16,10,4,9,7,5,2,1,12,6,11,2
4,10,16,13,11,6,12,1,0,3,8,17,15,18,14,9,5,7,2,8,1,10
6,11,13,16,10,4,5,7,9,2,0,3,18,8,17,15,14,12,1,10,1,8
14,0,3,15,17,8,18,2,10,4,9,7,5,16,13,11,6,12,1,2,6,11
12,1,2,7,5,9,4,6,11,13,16,10,14,8,17,15,18,3,0,2,5,12
12,1,6,11,13,16,10,14,18,8,17,15,3,0,2,7,5,9,4,2,12,5
3,18,8,17,15,2,4,10,0,14,9,7,5,16,13,11,6,12,1,8,1,10
14,12,1,8,17,15,18,3,0,7,5,16,13,11,6,10,4,9,2,3,6,10
9,5,7,2,14,4,10,13,16,6,11,12,1,8,17,15,18,3,0,4,9,6
10,13,16,11,6,12,1,14,3,18,8,15,17,0,4,9,7,5,2,7,7,5
14,6,11,13,16,10,12,1,4,9,5,7,2,8,17,15,18,3,0,8,5,6
10,16,13,11,6,12,1,8,17,15,18,3,0,14,4,9,5,7,2,7,6,6
10,16,13,11,6,12,1,15,17,8,18,3,0,14,4,9,5,7,2,7,6,6
10,16,13,11,6,12,1,8,17,15,18,3,0,14,4,9,5,7,2,7,6,6
8,17,15,18,3,0,14,10,13,16,11,6,12,1,4,9,5,7,2,6,8,5
14,10,16,13,11,6,12,1,4,9,5,7,2,15,17,8,18,3,0,8,5,6
14,12,1,8,17,15,18,3,0,6,11,13,16,10,4,9,5,7,2,3,6,10
12,1,14,6,11,13,16,10,4,7,5,9,2,15,17,8,18,3,0,2,11,6
18,8,15,17,14,10,16,13,11,6,12,1,4,9,5,7,2,3,0,12,5,2
14,10,16,13,11,6,12,1,4,9,5,7,2,15,17,8,18,3,0,8,5,6
18,8,15,17,11,16,13,6,12,1,14,10,4,9,5,7,2,3,0,10,7,2
14,18,8,17,15,2,12,1,6,11,16,13,10,4,9,5,7,3,0,6,2,11
10,16,13,11,6,12,1,0,14,4,7,5,9,2,15,17,8,18,3,7,1,11
14,2,10,13,16,11,6,12,1,7,5,9,4,15,17,8,18,3,0,2,7,10
10,16,13,6,11,12,1,15,17,8,18,3,0,14,4,9,5,7,2,7,6,6
14,18,15,17,8,2,10,16,13,11,6,12,1,7,5,9,4,3,0,6,7,6
6,11,13,16,10,14,18,8,17,15,2,12,1,7,5,9,4,3,0,11,2,6
6,11,13,16,10,14,18,8,17,15,2,12,1,7,5,9,4,3,0,11,2,6
8,17,15,18,14,12,1,16,13,11,6,10,4,9,5,7,2,3,0,7,10,2
8,17,15,18,14,12,1,2,16,13,11,6,10,4,9,5,7,3,0,7,1,11
18,8,17,15,2,16,13,6,11,12,1,7,5,9,4,10,14,3,0,5,6,8
15,17,8,18,2,10,16,13,11,6,12,1,7,5,9,4,14,3,0,5,7,7
14,12,1,16,13,11,6,10,5,7,9,4,2,15,17,8,18,3,0,3,10,6
14,10,16,13,11,6,12,1,4,9,5,7,2,15,17,8,18,3,0,8,5,6
14,12,1,16,13,11,6,17,15,8,18,3,0,10,4,9,5,7,2,3,10,6
14,18,8,17,15,2,11,6,12,1,16,13,10,4,5,7,9,3,0,6,4,9
16,13,11,6,12,1,8,17,15,18,2,7,5,9,4,10,14,3,0,6,5,8
14,16,13,10,11,6,12,1,15,17,8,18,3,0,4,9,5,7,2,8,6,5
15,17,8,18,14,12,1,16,13,11,6,10,4,2,7,5,9,3,0,7,7,5
2,16,13,11,6,12,1,7,5,9,4,10,14,18,8,17,15,3,0,1,6,12
14,15,17,8,18,2,16,13,11,6,12,1,10,4,9,5,7,3,0,6,6,7
14,10,16,13,11,6,12,1,15,17,8,18,3,0,5,7,9,4,2,8,6,5
14,10,13,16,11,6,12,1,15,17,8,18,2,7,5,9,4,3,0,8,5,6
16,13,14,18,8,17,15,2,12,1,11,6,10,4,5,7,9,3,0,8,2,9
15,17,8,18,14,16,13,11,6,12,1,7,5,9,2,10,4,3,0,11,4,4
15,17,8,18,2,16,13,11,6,10,14,12,1,5,7,9,4,3,0,5,8,6
10,16,13,11,6,12,1,15,17,8,18,2,5,7,9,4,14,3,0,7,5,7
16,13,11,6,12,1,15,17,8,18,2,5,7,9,4,10,14,3,0,6,5,8
16,15,17,8,18,2,14,12,1,6,11,13,10,4,9,5,7,3,0,6,3,10
14,16,13,11,6,12,1,15,17,8,18,2,10,4,9,5,7,3,0,7,5,7
16,13,11,14,12,1,15,17,8,18,2,6,10,4,9,5,7,3,0,6,5,8
0,4,10,16,13,11,6,12,1,14,3,15,17,8,18,2,5,7,9,1,9,9
3,18,8,17,15,2,7,5,9,4,14,0,10,16,13,11,6,12,1,10,2,7
7,5,9,4,10,16,13,11,6,12,1,0,2,3,18,17,15,8,14,11,1,7
1,12,6,11,13,16,10,14,3,15,17,8,18,0,4,9,5,7,2,8,6,5
3,15,17,8,18,14,10,4,2,9,7,5,16,13,11,6,12,1,0,9,9,1
10,6,11,13,16,5,7,9,4,14,12,1,0,3,18,8,17,15,2,12,1,6
14,12,1,6,11,16,13,10,4,9,5,7,2,8,17,15,18,3,0,3,10,6
14,16,13,11,6,12,1,8,17,15,18,3,0,10,4,9,5,7,2,7,6,6
6,11,13,16,10,4,9,5,7,2,14,12,1,8,17,15,18,3,0,10,3,6
10,16,13,11,6,12,1,0,3,15,17,8,18,14,4,9,5,7,2,7,1,11
14,18,8,17,15,2,7,5,9,4,10,13,16,11,6,12,1,3,0,6,11,2
14,10,16,13,11,6,12,1,4,9,5,7,2,15,17,8,18,3,0,8,5,6
14,10,16,13,11,6,12,1,8,17,15,0,4,9,5,7,2,18,3,8,4,7
12,6,11,13,16,10,4,7,5,9,14,1,2,15,17,8,18,3,0,12,1,6
10,16,13,11,6,12,1,14,18,8,15,17,3,0,4,9,5,7,2,7,7,5
16,13,11,6,12,1,14,10,4,9,5,7,2,15,17,8,18,3,0,6,7,6
14,10,13,16,11,6,12,1,4,9,5,7,2,15,17,8,18,3,0,8,5,6
14,10,13,16,11,6,12,1,4,9,5,7,2,8,17,15,18,3,0,8,5,6
14,17,15,8,18,3,0,16,13,11,6,12,1,10,4,9,5,7,2,7,6,6
14,16,13,11,6,12,1,15,17,8,18,3,0,10,4,9,5,7,2,7,6,6
14,10,16,13,11,6,12,1,4,9,5,7,2,15,17,8,18,3,0,8,5,6
14,17,15,8,18,2,10,16,13,11,6,12,1,4,9,5,7,3,0,6,7,6
14,10,16,13,11,6,12,1,4,9,5,7,2,15,17,8,18,3,0,8,5,6
14,10,16,13,11,6,12,1,15,17,8,18,3,0,4,9,5,7,2,8,6,5
16,13,11,6,14,18,15,17,8,2,12,1,10,4,9,5,7,3,0,10,2,7
14,15,17,8,18,2,16,13,11,6,12,1,10,4,7,5,9,3,0,6,6,7
14,10,16,13,11,6,12,1,15,17,8,18,3,0,4,9,5,7,2,8,6,5
10,13,16,11,6,12,1,15,17,8,18,3,2,7,5,9,4,14,0,7,6,6
15,17,8,18,14,12,1,6,11,16,13,10,4,9,5,7,2,3,0,7,10,2
18,14,12,1,6,11,13,16,10,4,9,5,7,0,15,17,8,3,2,4,10,5
14,12,1,6,11,16,13,10,4,9,5,7,2,15,17,8,18,3,0,3,10,6
16,13,11,6,12,1,10,4,14,0,8,17,15,18,3,9,5,7,2,6,4,9
14,10,16,13,6,11,12,1,15,17,8,18,3,0,4,9,5,7,2,8,6,5
16,13,10,2,11,6,12,1,7,5,9,4,14,17,15,8,18,3,0,4,4,11
14,10,16,13,11,6,12,1,7,5,4,9,2,15,17,8,18,3,0,8,5,6
10,16,13,11,6,12,1,15,17,8,18,2,7,5,9,4,14,3,0,7,5,7
14,10,16,13,6,11,12,1,15,17,8,18,3,0,4,9,5,7,2,8,6,5
1,12,6,11,13,16,10,14,15,17,8,18,2,7,5,9,4,3,0,1,12,6
15,17,14,16,13,10,11,6,12,1,8,18,3,0,4,9,5,7,2,10,4,5
13,16,14,12,1,15,17,8,18,2,11,6,10,4,9,7,5,3,0,5,5,9
14,10,16,13,11,6,12,1,15,17,8,18,3,0,4,9,5,7,2,8,6,5
15,17,8,18,14,16,13,11,6,12,1,7,5,9,2,10,4,3,0,11,4,4
14,13,16,10,11,6,12,1,15,17,8,18,3,0,5,7,9,4,2,8,6,5
15,17,14,12,1,16,13,11,6,10,4,5,7,9,2,8,18,3,0,5,10,4
14,13,16,11,6,12,1,10,4,9,5,7,2,15,17,8,18,3,0,7,6,6
10,15,17,8,18,2,16,13,11,6,12,1,5,7,9,4,14,3,0,6,6,7
10,14,18,8,17,15,2,16,13,11,6,12,1,5,7,9,4,3,0,7,6,6
16,13,14,12,1,15,17,8,18,2,11,6,10,4,9,5,7,3,0,5,5,9
16,13,12,1,15,17,8,18,2,11,6,10,5,7,9,4,14,3,0,4,5,10
16,13,12,1,15,17,8,18,2,14,6,11,10,4,9,5,7,3,0,4,5,10
0,1,12,6,11,13,16,10,4,3,15,17,8,18,2,7,5,9,14,1,8,10
3,15,17,8,18,1,14,12,6,11,13,16,10,4,9,5,7,2,0,6,12,1
14,10,16,13,11,6,12,1,4,9,5,7,2,8,17,15,18,3,0,8,5,6
14,10,16,13,11,6,12,1,0,3,18,8,17,15,2,7,5,9,4,8,1,10
10,16,13,11,6,12,1,14,4,9,7,5,2,15,17,8,18,3,0,7,6,6
14,10,16,13,11,6,12,1,15,17,8,18,3,0,4,9,5,7,2,8,6,5
14,10,16,13,11,6,12,1,15,17,8,18,3,0,4,9,5,7,2,8,6,5
14,12,1,16,13,11,6,10,4,9,5,7,2,15,17,8,18,3,0,3,10,6
14,15,17,8,18,2,11,6,12,1,16,13,10,4,9,5,7,3,0,6,4,9
15,17,8,18,2,16,13,11,6,12,1,7,5,9,4,10,14,3,0,5,6,8
15,17,8,18,2,16,13,11,6,12,1,5,7,9,4,10,14,3,0,5,6,8
16,13,11,6,12,1,15,17,8,18,2,5,7,9,4,10,14,3,0,6,5,8
0,14,4,10,16,13,11,6,12,1,3,15,17,8,18,9,5,7,2,1,9,9
3,15,17,8,18,0,14,10,16,13,11,6,12,1,4,9,5,7,2,6,8,5
6,11,16,13,10,4,9,5,7,2,14,12,1,8,17,15,18,3,0,10,3,6
14,10,16,13,11,6,12,1,15,17,8,18,3,0,4,9,5,7,2,8,6,5
2,10,16,13,11,6,12,1,7,5,9,4,14,18,8,17,15,3,0,1,7,11
14,10,16,13,11,6,12,1,4,9,5,7,2,15,17,8,18,3,0,8,5,6
14,12,1,6,11,13,16,10,4,9,5,7,2,15,17,8,18,3,0,3,10,6
14,16,13,11,6,12,1,15,17,8,18,3,0,10,4,9,5,7,2,7,6,6
14,12,1,16,13,11,6,10,4,9,5,7,2,15,17,8,18,3,0,3,10,6
14,12,1,16,13,11,6,10,4,9,5,7,2,15,17,8,18,3,0,3,10,6
15,17,8,18,2,16,13,11,6,12,1,5,7,9,4,10,14,3,0,5,6,8
4,9,5,7,2,15,17,8,18,3,0,14,10,16,13,11,6,12,1,10,1,8
0,14,10,16,13,11,6,12,1,4,9,5,7,2,18,8,17,15,3,1,8,10
3,15,17,8,18,0,12,1,14,4,10,6,11,13,16,5,7,9,2,6,2,11
14,10,16,13,11,6,12,1,0,3,15,17,8,18,2,7,5,9,4,8,1,10
14,10,13,16,11,6,12,1,4,9,5,7,2,8,17,15,18,3,0,8,5,6
14,10,16,13,11,6,12,1,4,9,5,7,2,15,17,8,18,3,0,8,5,6
14,12,1,16,13,11,6,10,4,9,5,7,2,15,17,8,18,3,0,3,10,6
14,10,16,13,11,6,12,1,4,9,5,7,2,15,17,8,18,3,0,8,5,6
14,12,1,6,11,13,16,10,4,9,5,7,2,15,17,8,18,3,0,3,10,6
14,10,16,13,11,6,12,1,4,9,5,7,2,15,17,8,18,3,0,8,5,6
14,10,16,13,11,6,12,1,15,17,8,18,3,0,4,9,5,7,2,8,6,5
10,16,13,11,6,12,1,14,4,9,5,7,2,15,17,8,18,3,0,7,6,6
14,10,16,13,11,6,12,1,7,5,9,4,2,15,17,8,18,3,0,8,5,6
14,10,16,13,11,6,12,1,15,17,8,18,3,0,4,9,5,7,2,8,6,5
15,17,8,18,2,16,13,11,6,12,1,7,5,9,4,10,14,3,0,5,6,8
14,16,13,11,6,12,1,10,4,9,5,7,2,15,17,8,18,3,0,7,6,6
14,16,13,11,6,12,1,15,17,8,18,3,0,10,4,9,5,7,2,7,6,6
14,12,1,15,17,8,18,2,16,13,11,6,10,4,9,5,7,3,0,3,5,11
15,17,14,12,1,16,13,11,6,10,4,9,5,7,2,8,18,3,0,5,10,4
14,12,1,15,17,8,18,2,16,13,11,6,10,4,9,5,7,3,0,3,5,11
14,12,1,15,17,8,18,2,16,13,11,6,10,4,9,5,7,3,0,3,5,11
3,15,17,8,18,0,9,5,7,2,14,4,10,16,13,11,6,12,1,6,4,9
14,10,4,9,7,5,16,13,11,6,12,1,0,2,15,17,8,18,3,12,1,6
14,10,4,9,7,5,16,13,11,6,12,1,3,8,17,15,18,2,0,12,6,1
14,10,16,13,11,6,12,1,4,9,5,7,2,8,17,15,18,3,0,8,5,6
14,10,13,16,11,6,12,1,8,17,15,18,3,0,4,9,5,7,2,8,6,5
14,10,16,13,11,6,12,1,8,17,15,18,3,0,4,9,5,7,2,8,6,5
14,10,16,13,11,6,12,1,4,5,7,9,2,15,17,8,18,3,0,8,5,6
14,10,16,13,11,6,12,1,4,9,5,7,2,15,17,8,18,3,0,8,5,6
14,10,16,13,11,6,12,1,15,17,8,18,3,0,4,9,5,7,2,8,6,5
14,12,1,15,17,8,18,2,16,13,11,6,10,4,9,5,7,3,0,3,5,11
14,12,1,15,17,8,18,2,16,13,11,6,10,4,9,5,7,3,0,3,5,11
10,16,13,11,6,12,1,15,17,8,18,2,7,5,9,4,14,3,0,7,5,7
14,12,1,15,17,8,18,2,16,13,11,6,10,4,9,5,7,3,0,3,5,11
18,8,17,15,2,10,13,16,11,6,12,1,7,5,9,4,14,3,0,5,7,7
14,12,1,15,17,8,18,2,16,13,11,6,10,4,9,5,7,3,0,3,5,11
14,10,16,13,11,6,12,1,4,9,5,7,2,15,17,8,18,3,0,8,5,6
15,17,8,18,2,10,16,13,11,6,12,1,7,5,9,4,14,3,0,5,7,7
14,12,1,16,13,11,6,10,4,9,5,7,2,15,17,8,18,3,0,3,10,6
16,14,12,1,15,17,8,18,2,6,11,13,10,4,9,5,7,3,0,4,5,10
14,15,17,8,18,2,16,13,11,6,12,1,10,4,9,5,7,3,0,6,6,7
14,12,1,16,13,11,6,10,4,9,5,7,2,15,17,8,18,3,0,3,10,6
14,10,16,13,11,6,12,1,4,9,5,7,2,3,15,17,8,18,0,8,5,6
3,15,17,8,18,1,12,6,11,13,16,10,14,4,9,5,7,2,0,13,5,1
3,18,8,17,15,2,0,14,10,4,9,7,5,16,13,11,6,12,1,6,1,12
2,15,17,8,18,3,0,14,4,9,7,5,10,16,13,11,6,12,1,6,1,12
0,14,10,16,13,11,6,12,1,3,15,17,8,18,2,7,5,9,4,1,8,10
14,1,12,6,11,13,16,10,4,9,7,5,2,15,17,8,18,3,0,12,6,1
3,15,17,8,18,0,14,10,16,13,11,6,12,1,4,9,5,7,2,6,8,5
10,16,13,11,6,12,1,3,15,17,8,18,0,14,4,9,5,7,2,7,6,6
9,5,7,2,14,18,8,17,15,3,0,4,10,16,13,11,6,12,1,4,7,8
14,18,8,17,15,3,0,1,12,6,11,13,16,10,4,9,5,7,2,7,1,11
0,14,4,10,16,13,11,6,12,1,3,15,17,8,18,2,7,5,9,1,9,9
14,10,16,13,11,6,12,1,3,15,17,8,18,0,4,9,5,7,2,8,6,5
14,10,16,13,11,6,12,1,4,9,5,7,2,8,17,15,18,3,0,8,5,6
2,10,4,9,7,5,16,13,11,6,12,1,14,18,8,17,15,3,0,1,11,7
6,11,13,16,10,4,9,5,7,2,14,12,1,8,17,15,18,3,0,10,3,6
2,14,8,17,15,18,3,0,7,5,9,4,10,16,13,11,6,12,1,1,7,11
14,10,16,13,11,6,12,1,0,4,9,5,7,2,18,15,17,8,3,8,1,10
14,10,16,13,11,6,12,1,4,9,5,7,2,8,17,15,18,3,0,8,5,6
14,3,18,8,17,15,2,0,7,5,9,4,10,16,13,11,6,12,1,7,1,11
14,10,16,13,11,6,12,1,4,9,5,7,2,8,17,15,18,3,0,8,5,6
14,10,16,13,11,6,12,1,3,18,8,17,15,2,7,5,9,4,0,8,10,1
14,10,16,13,11,6,12,1,4,9,5,7,2,8,17,15,18,3,0,8,5,6
14,10,16,13,11,6,12,1,4,9,5,7,2,8,17,15,18,3,0,8,5,6
14,18,8,17,15,3,0,12,1,6,11,13,16,10,4,9,5,7,2,7,2,10
14,10,16,13,11,6,12,1,4,9,5,7,2,15,17,8,18,3,0,8,5,6
14,0,10,16,13,11,6,12,1,4,9,5,7,2,18,8,17,15,3,2,7,10
10,16,13,11,6,12,1,8,17,15,18,3,0,14,4,9,5,7,2,7,6,6
14,18,8,17,15,3,0,10,16,13,11,6,12,1,4,9,5,7,2,7,7,5
14,12,6,11,13,16,10,4,9,5,7,2,1,8,17,15,18,3,0,12,1,6
14,4,10,16,13,11,6,12,1,0,9,5,7,2,15,17,8,18,3,9,1,9
0,3,15,17,8,18,2,14,10,4,9,7,5,16,13,11,6,12,1,1,6,12
14,12,1,8,17,15,18,3,0,6,11,13,16,10,4,9,5,7,2,3,6,10
14,10,16,13,11,6,12,1,8,17,15,18,3,0,4,9,5,7,2,8,6,5
14,10,16,13,11,6,12,1,8,17,15,18,3,0,4,9,5,7,2,8,6,5
14,10,16,13,11,6,12,1,4,9,5,7,2,15,17,8,18,3,0,8,5,6
14,12,1,16,13,11,6,10,4,9,5,7,2,15,17,8,18,3,0,3,10,6
14,10,16,13,11,6,12,1,4,9,5,7,2,15,17,8,18,3,0,8,5,6
14,12,6,11,13,16,10,4,9,5,7,2,1,15,17,8,18,3,0,12,1,6
9,5,7,2,14,4,10,16,13,11,6,12,1,15,17,8,18,3,0,4,9,6
14,10,16,13,11,6,12,1,8,17,15,18,3,0,4,9,5,7,2,8,6,5
14,10,16,13,11,6,12,1,8,17,15,18,3,0,4,9,5,7,2,8,6,5
14,10,16,13,11,6,12,1,8,17,15,18,3,0,4,9,5,7,2,8,6,5
14,10,16,13,11,6,12,1,4,9,5,7,2,15,17,8,18,3,0,8,5,6
14,10,16,13,11,6,12,1,4,9,5,7,2,15,17,8,18,3,0,8,5,6
14,10,16,13,11,6,12,1,4,9,5,7,2,15,17,8,18,3,0,8,5,6
14,10,16,13,11,6,12,1,4,9,5,7,2,15,17,8,18,3,0,8,5,6
14,10,16,13,11,6,12,1,4,9,5,7,2,15,17,8,18,3,0,8,5,6
14,10,16,13,11,6,12,1,4,9,5,7,2,15,17,8,18,3,0,8,5,6
14,10,16,13,11,6,12,1,4,9,5,7,2,15,17,8,18,3,0,8,5,6
14,16,13,11,6,12,1,15,17,8,18,3,0,10,4,9,5,7,2,7,6,6
14,10,13,16,11,6,12,1,4,9,5,7,2,15,17,8,18,3,0,8,5,6
14,12,1,6,11,13,16,10,4,9,5,7,2,15,17,8,18,3,0,3,10,6
14,10,16,13,11,6,12,1,4,9,5,7,2,15,17,8,18,3,0,8,5,6
14,10,16,13,11,6,12,1,15,17,8,18,3,0,4,9,5,7,2,8,6,5
10,16,13,11,6,12,1,15,17,8,18,2,7,5,9,4,14,3,0,7,5,7
14,10,16,13,11,6,12,1,15,17,8,18,3,0,4,9,5,7,2,8,6,5
10,16,13,11,6,12,1,14,4,9,5,7,2,15,17,8,18,3,0,7,6,6
14,10,16,13,11,6,12,1,15,17,8,18,3,0,4,9,5,7,2,8,6,5
14,10,16,13,11,6,12,1,4,9,5,7,2,15,17,8,18,3,0,8,5,6
14,10,16,13,11,6,12,1,4,9,5,7,2,15,17,8,18,3,0,8,5,6
14,10,16,13,11,6,12,1,4,9,5,7,2,15,17,8,18,3,0,8,5,6
14,12,1,16,13,11,6,10,4,9,5,7,2,15,17,8,18,3,0,3,10,6
14,10,16,13,11,6,12,1,15,17,8,18,3,0,4,9,5,7,2,8,6,5
14,10,13,16,11,6,12,1,15,17,8,18,3,0,4,9,5,7,2,8,6,5
14,10,16,13,11,6,12,1,15,17,8,18,3,0,4,9,5,7,2,8,6,5
14,10,16,13,11,6,12,1,4,9,5,7,2,15,17,8,18,3,0,8,5,6
1,14,12,6,11,13,16,10,4,9,5,7,2,15,17,8,18,3,0,1,12,6
14,1,12,6,11,13,16,10,4,9,5,7,2,15,17,8,18,3,0,2,11,6
14,12,1,16,13,11,6,10,4,9,5,7,2,15,17,8,18,3,0,3,10,6
14,10,16,13,11,6,12,1,4,9,5,7,2,15,17,8,18,3,0,8,5,6
14,10,16,13,11,6,12,1,4,9,5,7,2,15,17,8,18,3,0,8,5,6
14,10,16,13,11,6,12,1,15,17,8,18,3,0,4,9,5,7,2,8,6,5
14,12,1,16,13,11,6,10,4,9,5,7,2,15,17,8,18,3,0,3,10,6
10,16,13,11,6,12,1,2,7,5,9,4,14,18,8,17,15,3,0,7,1,11
10,16,13,11,6,12,1,14,4,9,5,7,2,15,17,8,18,3,0,7,6,6
14,16,13,11,6,12,1,15,17,8,18,3,0,10,4,9,5,7,2,7,6,6
14,10,16,13,11,6,12,1,15,17,8,18,3,0,4,9,5,7,2,8,6,5
12,1,14,16,13,11,6,10,4,9,5,7,2,15,17,8,18,3,0,2,11,6
14,16,13,11,6,12,1,15,17,8,18,3,0,10,4,9,5,7,2,7,6,6
14,10,16,13,11,6,12,1,15,17,8,18,3,0,4,9,5,7,2,8,6,5
14,10,16,13,11,6,12,1,15,17,8,18,3,0,4,9,5,7,2,8,6,5
18,8,17,15,2,10,16,13,11,6,12,1,7,5,9,4,14,3,0,5,7,7
14,10,16,13,11,6,12,1,4,9,5,7,2,15,17,8,18,3,0,8,5,6
14,12,1,16,13,11,6,10,4,9,5,7,2,15,17,8,18,3,0,3,10,6
14,10,16,13,11,6,12,1,15,17,8,18,3,0,4,9,5,7,2,8,6,5
14,10,16,13,11,6,12,1,15,17,8,18,3,0,4,9,5,7,2,8,6,5
1,14,12,6,11,13,16,10,4,9,5,7,2,15,17,8,18,3,0,1,12,6
14,10,16,13,11,6,12,1,15,17,8,18,3,0,4,9,5,7,2,8,6,5
14,10,16,13,11,6,12,1,7,5,9,4,2,15,17,8,18,3,0,8,5,6
14,10,16,13,11,6,12,1,15,17,8,18,3,0,4,9,5,7,2,8,6,5
14,16,13,11,6,12,1,15,17,8,18,3,0,10,4,9,5,7,2,7,6,6
14,16,13,11,6,12,1,8,17,15,18,3,0,10,4,9,5,7,2,7,6,6
14,10,16,13,11,6,12,1,15,17,8,18,3,0,4,9,5,7,2,8,6,5
14,12,1,6,11,13,16,10,4,9,5,7,2,15,17,8,18,3,0,3,10,6
14,10,16,13,11,6,12,1,4,9,5,7,2,15,17,8,18,3,0,8,5,6
10,16,13,11,6,12,1,15,17,8,18,3,0,14,4,9,5,7,2,7,6,6
14,12,1,15,17,8,18,2,16,13,11,6,10,4,9,5,7,3,0,3,5,11
14,16,13,11,6,12,1,15,17,8,18,3,0,10,4,9,5,7,2,7,6,6
14,10,16,13,11,6,12,1,15,17,8,18,3,0,4,9,5,7,2,8,6,5
10,16,13,11,6,12,1,15,17,8,18,2,7,5,9,4,14,3,0,7,5,7
15,17,8,18,2,10,16,13,11,6,12,1,7,5,9,4,14,3,0,5,7,7
14,10,16,13,6,11,12,1,15,17,8,18,3,0,4,9,5,7,2,8,6,5
15,17,8,18,2,10,16,13,11,6,12,1,7,5,9,4,14,3,0,5,7,7
14,10,16,13,11,6,12,1,7,5,9,4,2,15,17,8,18,3,0,8,5,6
14,10,16,13,11,6,12,1,4,9,5,7,2,15,17,8,18,3,0,8,5,6
14,12,1,15,17,8,18,2,16,13,11,6,10,4,9,5,7,3,0,3,5,11
10,16,13,11,6,12,1,15,17,8,18,2,7,5,9,4,14,3,0,7,5,7
14,16,13,11,6,12,1,10,4,9,5,7,2,15,17,8,18,3,0,7,6,6
14,12,1,15,17,8,18,2,16,13,11,6,10,4,9,5,7,3,0,3,5,11
15,17,8,18,2,10,16,13,11,6,12,1,7,5,9,4,14,3,0,5,7,7
15,17,8,18,2,10,16,13,11,6,12,1,7,5,9,4,14,3,0,5,7,7
14,12,1,16,13,11,6,10,4,9,5,7,2,15,17,8,18,3,0,3,10,6
15,17,8,18,2,16,13,11,6,12,1,7,5,9,4,10,14,3,0,5,6,8
14,16,13,11,6,12,1,15,17,8,18,3,0,10,4,9,5,7,2,7,6,6
14,12,1,16,13,11,6,10,4,9,5,7,2,15,17,8,18,3,0,3,10,6
10,16,13,11,6,12,1,15,17,8,18,2,7,5,9,4,14,3,0,7,5,7
16,13,11,6,12,1,15,17,8,18,2,7,5,9,4,10,14,3,0,6,5,8
14,16,13,11,6,12,1,15,17,8,18,3,0,10,4,9,5,7,2,7,6,6
14,10,16,13,11,6,12,1,15,17,8,18,3,0,5,7,9,4,2,8,6,5
15,17,8,18,14,12,1,13,16,5,7,2,11,6,10,4,9,3,0,7,5,7
14,16,13,11,6,12,1,15,17,8,18,3,0,10,4,9,5,7,2,7,6,6
14,10,16,13,11,6,12,1,15,17,8,18,3,0,4,9,5,7,2,8,6,5
15,17,8,18,2,16,13,11,6,12,1,7,5,9,4,10,14,3,0,5,6,8
14,16,13,11,6,12,1,15,17,8,18,3,0,10,4,9,5,7,2,7,6,6
14,12,1,16,13,6,11,10,4,9,5,7,2,15,17,8,18,3,0,3,10,6
14,16,13,11,6,12,1,10,4,9,5,7,2,15,17,8,18,3,0,7,6,6
16,14,12,1,15,17,8,18,2,6,11,13,10,4,5,7,9,3,0,4,5,10
15,17,8,18,2,16,13,11,6,12,1,7,5,9,4,10,14,3,0,5,6,8
14,12,1,16,13,11,6,10,4,9,5,7,2,15,17,8,18,3,0,3,10,6
16,13,11,6,12,1,15,17,8,18,2,5,7,9,4,10,14,3,0,6,5,8
14,16,13,11,6,12,1,15,17,8,18,3,0,10,4,9,5,7,2,7,6,6
14,12,1,16,13,11,6,10,4,9,5,7,2,15,17,8,18,3,0,3,10,6
16,13,11,6,12,1,15,17,8,18,2,5,7,9,4,10,14,3,0,6,5,8
16,13,11,6,12,1,15,17,8,18,2,5,7,9,4,10,14,3,0,6,5,8
15,17,8,18,2,16,13,11,6,12,1,5,7,9,4,10,14,3,0,5,6,8
16,14,12,1,15,17,8,18,2,13,11,6,10,4,9,5,7,3,0,4,5,10
10,16,13,11,6,12,1,15,17,8,18,2,5,7,9,4,14,3,0,7,5,7
14,12,1,16,13,11,6,10,4,9,5,7,2,15,17,8,18,3,0,3,10,6
15,17,8,18,2,16,13,11,6,12,1,5,7,9,4,10,14,3,0,5,6,8
15,17,8,18,2,16,13,11,6,12,1,5,7,9,4,10,14,3,0,5,6,8
16,13,11,6,12,1,15,17,8,18,2,5,7,9,4,10,14,3,0,6,5,8
14,12,1,16,13,11,6,10,4,9,5,7,2,15,17,8,18,3,0,3,10,6
15,17,8,18,2,16,13,10,11,6,12,1,5,7,9,4,14,3,0,5,7,7
14,12,1,15,17,8,18,2,16,13,6,11,10,4,9,5,7,3,0,3,5,11
14,12,1,16,13,11,6,10,4,9,5,7,2,15,17,8,18,3,0,3,10,6
15,17,8,18,2,16,13,11,6,12,1,5,7,9,4,10,14,3,0,5,6,8
16,14,12,1,15,17,8,18,2,6,11,13,10,4,9,5,7,3,0,4,5,10
15,17,8,18,2,16,13,10,11,6,12,1,5,7,9,4,14,3,0,5,7,7
15,17,8,18,2,16,13,11,6,12,1,5,7,9,4,10,14,3,0,5,6,8
15,17,8,18,2,16,13,11,6,12,1,5,7,9,4,10,14,3,0,5,6,8
14,16,13,11,6,12,1,10,4,9,5,7,2,15,17,8,18,3,0,7,6,6
16,14,12,1,13,11,6,10,4,9,5,7,2,15,17,8,18,3,0,4,9,6
16,13,11,6,12,1,15,17,8,18,2,5,7,9,4,10,14,3,0,6,5,8
10,16,13,11,6,12,1,3,15,17,8,18,0,14,4,9,5,7,2,7,6,6
14,10,16,13,11,6,12,1,0,3,18,8,17,15,2,7,5,9,4,8,1,10
14,10,4,9,7,5,16,13,11,6,12,1,0,3,18,8,15,17,2,12,1,6
14,10,16,13,11,6,12,1,0,4,9,5,7,2,18,8,17,15,3,8,1,10
3,18,8,17,15,2,7,5,9,0,14,4,10,16,13,11,6,12,1,9,1,9
4,9,5,7,2,14,10,16,13,11,6,12,1,3,15,17,8,18,0,5,8,6
1,12,6,11,13,16,10,4,14,0,9,7,5,2,15,17,8,18,3,9,1,9
3,18,8,17,15,2,0,14,10,4,9,7,5,16,13,11,6,12,1,6,1,12
14,4,10,16,13,11,6,12,1,0,9,5,7,2,15,17,8,18,3,9,1,9
10,4,9,7,5,16,13,11,6,12,1,14,3,15,17,8,18,2,0,11,7,1
14,10,16,13,11,6,12,1,0,4,9,5,7,2,15,17,8,18,3,8,1,10
3,18,8,17,15,2,14,10,4,9,7,5,16,13,11,6,12,1,0,6,12,1
14,10,4,9,7,5,16,13,11,6,12,1,0,3,18,8,17,15,2,12,1,6
14,10,13,16,11,6,12,1,4,9,5,7,2,3,15,17,8,18,0,8,5,6
14,10,4,9,7,5,16,13,11,6,12,1,0,3,18,8,17,15,2,12,1,6
14,4,10,16,13,11,6,12,1,9,5,7,2,8,17,15,18,3,0,9,4,6
14,4,10,16,13,11,6,12,1,9,5,7,2,15,17,8,18,3,0,9,9,1
0,14,10,16,13,11,6,12,1,4,9,5,7,2,15,17,8,18,3,1,8,10
14,12,1,4,10,6,11,13,16,5,7,9,2,3,15,17,8,18,0,3,10,6
3,15,17,8,18,0,14,12,1,4,10,6,11,13,16,5,7,9,2,6,3,10
14,10,16,13,11,6,12,1,0,3,18,8,17,15,2,7,5,9,4,8,1,10
0,10,16,13,11,6,12,1,14,4,9,5,7,2,18,8,17,15,3,1,7,11
14,0,10,4,9,7,5,16,13,11,6,12,1,3,18,8,17,15,2,2,11,6
14,10,16,13,11,6,12,1,4,9,5,7,2,8,17,15,18,3,0,8,5,6
0,14,18,8,17,15,3,2,10,4,9,7,5,16,13,11,6,12,1,1,7,11
14,10,16,13,11,6,12,1,8,17,15,18,3,0,4,9,5,7,2,8,6,5
14,12,6,11,13,16,10,4,9,5,7,2,1,8,17,15,18,3,0,12,1,6
14,7,5,9,4,10,16,13,11,6,12,1,2,15,17,8,18,3,0,12,6,1
14,12,1,8,17,15,18,3,0,6,11,13,16,10,4,9,5,7,2,3,6,10
14,10,16,13,11,6,12,1,4,9,5,7,2,8,17,15,18,3,0,8,5,6
14,10,16,13,11,6,12,1,4,9,5,7,2,8,17,15,18,3,0,8,5,6
14,10,16,13,11,6,12,1,4,9,5,7,2,8,17,15,18,3,0,8,5,6
14,10,16,13,11,6,12,1,4,9,5,7,2,8,17,15,18,3,0,8,5,6
14,10,16,13,11,6,12,1,0,4,9,5,7,2,15,17,8,18,3,8,1,10
14,10,16,13,11,6,12,1,3,15,17,8,18,0,4,9,5,7,2,8,6,5
0,14,4,10,16,13,11,6,12,1,8,17,15,18,3,9,5,7,2,1,9,9
10,16,13,11,6,12,1,8,17,15,18,3,0,14,4,9,5,7,2,7,6,6
14,18,8,17,15,3,0,10,16,13,11,6,12,1,4,9,5,7,2,7,7,5
14,10,13,16,11,6,12,1,8,17,15,18,3,0,4,9,5,7,2,8,6,5
10,16,13,11,6,12,1,8,17,15,18,3,0,14,4,9,5,7,2,7,6,6
12,6,11,13,16,10,4,9,5,7,2,14,1,8,17,15,18,3,0,11,2,6
14,10,16,13,11,6,12,1,4,9,5,7,2,8,17,15,18,3,0,8,5,6
14,10,16,13,11,6,12,1,8,17,15,18,3,0,4,9,5,7,2,8,6,5
14,10,16,13,11,6,12,1,4,9,5,7,2,8,17,15,18,3,0,8,5,6
14,10,16,13,11,6,12,1,8,17,15,18,3,0,4,9,5,7,2,8,6,5
0,14,10,16,13,11,6,12,1,4,9,5,7,2,15,17,8,18,3,1,8,10
14,10,16,13,11,6,12,1,8,17,15,18,3,0,4,9,5,7,2,8,6,5
14,1,12,6,11,13,16,10,4,9,5,7,2,8,17,15,18,3,0,2,11,6
14,12,1,8,17,15,18,3,0,16,13,11,6,10,4,9,5,7,2,3,6,10
0,14,10,16,13,11,6,12,1,3,15,17,8,18,2,7,5,9,4,1,8,10
12,6,11,13,16,10,4,9,5,7,2,8,17,15,18,3,0,1,14,11,6,2
0,14,10,16,13,11,6,12,1,3,15,17,8,18,2,7,5,9,4,1,8,10
14,10,16,13,11,6,12,1,4,9,5,7,2,8,17,15,18,3,0,8,5,6
14,10,16,13,11,6,12,1,4,9,5,7,2,8,17,15,18,3,0,8,5,6
14,10,16,13,11,6,12,1,4,9,5,7,2,8,17,15,18,3,0,8,5,6
0,10,16,13,11,6,12,1,15,17,8,18,3,14,4,9,5,7,2,1,7,11
14,12,6,11,13,16,10,4,9,5,7,2,1,15,17,8,18,3,0,12,1,6
14,10,16,13,11,6,12,1,4,9,5,7,2,15,17,8,18,3,0,8,5,6
10,16,13,11,6,12,1,14,4,9,5,7,2,15,17,8,18,3,0,7,6,6
14,10,16,13,11,6,12,1,4,9,5,7,2,15,17,8,18,3,0,8,5,6
14,10,16,13,11,6,12,1,8,17,15,18,3,0,4,9,5,7,2,8,6,5
14,10,16,13,11,6,12,1,4,9,5,7,2,15,17,8,18,3,0,8,5,6
14,10,16,13,11,6,12,1,8,17,15,18,3,0,4,9,5,7,2,8,6,5
14,10,16,13,11,6,12,1,8,17,15,18,3,0,4,9,5,7,2,8,6,5
8,17,15,18,3,0,14,10,16,13,11,6,12,1,4,9,5,7,2,6,8,5
14,10,16,13,11,6,12,1,8,17,15,18,3,0,4,9,5,7,2,8,6,5
14,10,16,13,11,6,12,1,4,9,5,7,2,15,17,8,18,3,0,8,5,6
14,10,16,13,11,6,12,1,4,9,5,7,2,15,17,8,18,3,0,8,5,6
14,10,16,13,11,6,12,1,8,17,15,18,3,0,4,9,5,7,2,8,6,5
14,10,16,13,11,6,12,1,8,17,15,18,3,0,4,9,5,7,2,8,6,5
14,10,16,13,11,6,12,1,4,9,5,7,2,15,17,8,18,3,0,8,5,6
14,10,16,13,11,6,12,1,4,9,5,7,2,15,17,8,18,3,0,8,5,6
14,10,16,13,11,6,12,1,4,9,5,7,2,15,17,8,18,3,0,8,5,6
14,10,16,13,11,6,12,1,4,9,5,7,2,15,17,8,18,3,0,8,5,6
14,10,16,13,11,6,12,1,4,9,5,7,2,15,17,8,18,3,0,8,5,6
14,10,16,13,11,6,12,1,15,17,8,18,3,0,4,9,5,7,2,8,6,5
10,16,13,11,6,12,1,14,4,9,5,7,2,8,17,15,18,3,0,7,6,6
14,10,16,13,11,6,12,1,15,17,8,18,3,0,4,9,5,7,2,8,6,5
14,12,1,8,17,15,18,3,0,6,11,13,16,10,4,9,5,7,2,3,6,10
10,16,13,11,6,12,1,8,17,15,18,3,0,14,4,9,5,7,2,7,6,6
14,1,12,6,11,13,16,10,4,9,5,7,2,15,17,8,18,3,0,2,11,6
14,12,1,6,11,13,16,10,4,9,5,7,2,15,17,8,18,3,0,3,10,6
14,10,16,13,11,6,12,1,4,9,5,7,2,15,17,8,18,3,0,8,5,6
14,10,16,13,11,6,12,1,15,17,8,18,3,0,4,9,5,7,2,8,6,5
14,10,16,13,11,6,12,1,4,9,5,7,2,15,17,8,18,3,0,8,5,6
14,10,16,13,11,6,12,1,15,17,8,18,3,0,4,9,5,7,2,8,6,5
14,10,16,13,11,6,12,1,15,17,8,18,3,0,4,9,5,7,2,8,6,5
10,16,13,11,6,12,1,15,17,8,18,3,0,14,4,9,5,7,2,7,6,6
14,10,16,13,11,6,12,1,15,17,8,18,3,0,4,9,5,7,2,8,6,5
14,10,16,13,11,6,12,1,4,9,5,7,2,15,17,8,18,3,0,8,5,6
14,10,16,13,11,6,12,1,15,17,8,18,3,0,4,9,5,7,2,8,6,5
14,10,16,13,11,6,12,1,4,9,5,7,2,15,17,8,18,3,0,8,5,6
14,10,16,13,11,6,12,1,4,9,5,7,2,15,17,8,18,3,0,8,5,6
1,14,12,6,11,13,16,10,4,9,5,7,2,15,17,8,18,3,0,1,12,6
14,12,1,16,13,11,6,10,4,9,5,7,2,15,17,8,18,3,0,3,10,6
14,10,16,13,11,6,12,1,15,17,8,18,3,0,4,9,5,7,2,8,6,5
14,10,16,13,11,6,12,1,15,17,8,18,3,0,4,9,5,7,2,8,6,5
14,12,1,16,13,11,6,10,4,9,5,7,2,15,17,8,18,3,0,3,10,6
14,10,16,13,11,6,12,1,15,17,8,18,3,0,4,9,5,7,2,8,6,5
14,10,16,13,11,6,12,1,15,17,8,18,3,0,4,9,5,7,2,8,6,5
14,18,8,17,15,2,12,1,16,13,11,6,10,4,9,5,7,3,0,6,2,11
14,10,16,13,11,6,12,1,15,17,8,18,3,0,4,9,5,7,2,8,6,5
14,18,15,17,8,1,12,6,11,13,16,10,4,9,5,7,2,3,0,6,11,2
14,12,1,8,17,15,18,3,0,6,11,13,16,10,4,9,5,7,2,3,6,10
14,10,16,13,11,6,12,1,15,17,8,18,3,0,4,9,5,7,2,8,6,5
14,10,16,13,11,6,12,1,15,17,8,18,3,0,4,9,5,7,2,8,6,5
2,10,16,13,11,6,12,1,7,5,9,4,14,15,17,8,18,3,0,1,7,11
14,10,16,13,11,6,12,1,15,17,8,18,3,0,4,9,5,7,2,8,6,5
14,10,16,13,11,6,12,1,15,17,8,18,3,0,4,9,5,7,2,8,6,5
10,16,13,11,6,12,1,15,17,8,18,3,0,14,4,9,5,7,2,7,6,6
14,10,16,13,11,6,12,1,4,9,5,7,2,15,17,8,18,3,0,8,5,6
14,1,12,6,11,13,16,10,4,9,5,7,2,15,17,8,18,3,0,2,11,6
14,10,16,13,11,6,12,1,4,9,5,7,2,15,17,8,18,3,0,8,5,6
14,10,16,13,11,6,12,1,15,17,8,18,3,0,4,9,5,7,2,8,6,5
14,10,16,13,11,6,12,1,15,17,8,18,3,0,4,9,5,7,2,8,6,5
14,10,16,13,11,6,12,1,15,17,8,18,3,0,4,9,5,7,2,8,6,5
14,10,16,13,11,6,12,1,4,9,5,7,2,15,17,8,18,3,0,8,5,6
14,10,16,13,11,6,12,1,15,17,8,18,3,0,4,9,5,7,2,8,6,5
14,10,16,13,11,6,12,1,4,9,5,7,2,15,17,8,18,3,0,8,5,6
14,1,12,6,11,13,16,10,4,9,5,7,2,8,17,15,18,3,0,2,11,6
14,10,16,13,11,6,12,1,15,17,8,18,3,0,4,9,5,7,2,8,6,5
16,13,11,6,12,1,14,10,4,9,5,7,2,15,17,8,18,3,0,6,7,6
14,10,16,13,11,6,12,1,15,17,8,18,3,0,4,9,5,7,2,8,6,5
14,16,13,11,6,12,1,15,17,8,18,3,0,10,4,9,5,7,2,7,6,6
14,16,13,11,6,12,1,15,17,8,18,3,0,10,4,9,5,7,2,7,6,6
14,10,16,13,11,6,12,1,4,9,5,7,2,15,17,8,18,3,0,8,5,6
14,12,1,16,13,11,6,10,4,9,5,7,2,15,17,8,18,3,0,3,10,6
14,13,16,11,6,12,1,15,17,8,18,3,0,10,4,9,5,7,2,7,6,6
14,12,1,6,11,16,13,10,4,9,5,7,2,15,17,8,18,3,0,3,10,6
14,12,1,16,13,11,6,10,4,9,5,7,2,15,17,8,18,3,0,3,10,6
14,10,16,13,11,6,12,1,4,9,5,7,2,15,17,8,18,3,0,8,5,6
14,10,16,13,11,6,12,1,15,17,8,18,3,0,4,9,5,7,2,8,6,5
14,12,1,16,13,11,6,10,4,9,5,7,2,15,17,8,18,3,0,3,10,6
14,10,16,13,11,6,12,1,15,17,8,18,3,0,4,9,5,7,2,8,6,5
14,10,16,13,11,6,12,1,15,17,8,18,3,0,4,9,5,7,2,8,6,5
14,10,16,13,11,6,12,1,15,17,8,18,3,0,4,9,5,7,2,8,6,5
14,10,16,13,11,6,12,1,15,17,8,18,3,0,4,9,5,7,2,8,6,5
14,12,1,6,11,13,16,10,4,9,5,7,2,15,17,8,18,3,0,3,10,6
14,12,1,16,13,11,6,10,4,9,5,7,2,15,17,8,18,3,0,3,10,6
14,10,16,13,11,6,12,1,15,17,8,18,3,0,4,9,5,7,2,8,6,5
18,8,17,15,2,10,16,13,11,6,12,1,7,5,9,4,14,3,0,5,7,7
14,12,1,16,13,11,6,10,4,9,5,7,2,15,17,8,18,3,0,3,10,6
14,12,1,15,17,8,18,2,6,11,13,16,10,4,9,5,7,3,0,3,5,11
18,8,17,15,2,10,16,13,11,6,12,1,7,5,9,4,14,3,0,5,7,7
14,10,16,13,11,6,12,1,15,17,8,18,3,0,4,9,5,7,2,8,6,5
14,12,1,15,17,8,18,2,6,11,13,16,10,4,9,5,7,3,0,3,5,11
14,12,1,16,13,11,6,10,4,9,5,7,2,15,17,8,18,3,0,3,10,6
14,12,1,15,17,8,18,2,16,13,11,6,10,4,9,5,7,3,0,3,5,11
14,10,16,13,11,6,12,1,15,17,8,18,3,0,4,9,5,7,2,8,6,5
14,10,16,13,11,6,12,1,15,17,8,18,3,0,4,9,5,7,2,8,6,5
14,10,16,13,11,6,12,1,15,17,8,18,3,0,4,9,5,7,2,8,6,5
14,10,16,13,11,6,12,1,4,9,5,7,2,15,17,8,18,3,0,8,5,6
14,10,16,13,11,6,12,1,4,9,5,7,2,15,17,8,18,3,0,8,5,6
14,10,16,13,11,6,12,1,15,17,8,18,3,0,4,9,5,7,2,8,6,5
14,16,13,11,6,12,1,15,17,8,18,3,0,10,4,9,5,7,2,7,6,6
14,12,1,16,13,11,6,10,4,9,5,7,2,15,17,8,18,3,0,3,10,6
14,12,1,15,17,8,18,2,16,13,11,6,10,4,9,5,7,3,0,3,5,11
14,10,16,13,11,6,12,1,4,9,5,7,2,15,17,8,18,3,0,8,5,6
15,17,8,18,2,10,16,13,11,6,12,1,7,5,9,4,14,3,0,5,7,7
14,12,1,15,17,8,18,2,16,13,11,6,10,4,9,5,7,3,0,3,5,11
14,10,16,13,11,6,12,1,4,9,5,7,2,15,17,8,18,3,0,8,5,6
14,16,13,11,6,12,1,15,17,8,18,3,0,10,4,9,5,7,2,7,6,6
15,17,8,18,2,10,16,13,11,6,12,1,7,5,9,4,14,3,0,5,7,7
14,10,16,13,11,6,12,1,15,17,8,18,3,0,4,9,5,7,2,8,6,5
14,12,1,16,13,11,6,10,4,9,5,7,2,15,17,8,18,3,0,3,10,6
10,16,13,11,6,12,1,15,17,8,18,3,0,14,4,9,5,7,2,7,6,6
14,10,16,13,11,6,12,1,15,17,8,18,3,0,4,9,5,7,2,8,6,5
14,1,12,6,11,13,16,10,4,9,5,7,2,15,17,8,18,3,0,2,11,6
15,17,8,18,2,16,13,11,6,12,1,7,5,9,4,10,14,3,0,5,6,8
14,16,13,11,6,12,1,15,17,8,18,3,0,10,4,9,5,7,2,7,6,6
14,12,1,15,17,8,18,2,16,13,11,6,10,4,9,5,7,3,0,3,5,11
14,12,1,6,11,13,16,10,4,9,5,7,2,15,17,8,18,3,0,3,10,6
14,12,1,8,17,15,18,2,16,13,6,11,10,4,9,5,7,3,0,3,5,11
14,10,16,13,11,6,12,1,4,9,5,7,2,15,17,8,18,3,0,8,5,6
14,12,1,16,13,11,6,10,4,9,5,7,2,15,17,8,18,3,0,3,10,6
14,16,13,11,6,12,1,10,4,9,5,7,2,15,17,8,18,3,0,7,6,6
16,13,10,15,17,8,18,2,11,6,12,1,7,5,9,4,14,3,0,8,4,7
14,16,13,11,6,12,1,10,4,9,5,7,2,15,17,8,18,3,0,7,6,6
16,13,11,6,12,1,15,17,8,18,2,7,5,9,4,10,14,3,0,6,5,8
14,16,13,11,6,12,1,15,17,8,18,3,0,10,4,9,5,7,2,7,6,6
14,16,13,11,6,12,1,15,17,8,18,3,0,10,4,9,5,7,2,7,6,6
15,17,8,18,2,16,13,11,6,12,1,7,5,9,4,10,14,3,0,5,6,8
14,12,1,15,17,8,18,2,16,13,11,6,10,4,9,5,7,3,0,3,5,11
14,16,13,11,6,12,1,15,17,8,18,3,0,10,4,9,5,7,2,7,6,6
14,12,1,15,17,8,18,2,16,13,11,6,10,4,9,5,7,3,0,3,5,11
2,14,10,16,13,11,6,12,1,7,5,9,4,15,17,8,18,3,0,1,8,10
14,12,1,16,13,11,6,10,4,5,7,9,2,15,17,8,18,3,0,3,10,6
14,16,13,11,6,12,1,10,4,9,5,7,2,15,17,8,18,3,0,7,6,6
16,13,11,6,12,1,15,17,8,18,2,7,5,9,4,10,14,3,0,6,5,8
14,12,1,16,13,11,6,10,4,9,5,7,2,15,17,8,18,3,0,3,10,6
15,17,8,18,2,16,13,11,6,12,1,7,5,9,4,10,14,3,0,5,6,8
14,12,1,16,13,11,6,10,4,9,5,7,2,15,17,8,18,3,0,3,10,6
14,16,13,11,6,12,1,15,17,8,18,3,0,10,4,9,5,7,2,7,6,6
14,16,13,11,6,12,1,10,4,9,5,7,2,15,17,8,18,3,0,7,6,6
14,12,1,15,17,8,18,2,6,11,13,16,10,4,9,5,7,3,0,3,5,11
15,14,16,13,11,6,12,1,10,4,9,5,7,2,17,8,18,3,0,8,6,5
15,17,8,18,2,16,13,11,6,12,1,7,5,9,4,10,14,3,0,5,6,8
14,12,1,15,17,8,18,2,16,13,11,6,10,4,9,5,7,3,0,3,5,11
14,1,12,6,11,13,16,10,4,9,5,7,2,15,17,8,18,3,0,2,11,6
14,10,16,13,11,6,12,1,7,5,9,4,2,15,17,8,18,3,0,8,5,6
16,13,11,6,12,1,15,17,8,18,2,7,5,9,4,10,14,3,0,6,5,8
15,17,8,18,2,16,13,11,6,12,1,7,5,9,4,10,14,3,0,5,6,8
14,16,13,11,6,12,1,15,17,8,18,3,0,10,4,9,5,7,2,7,6,6
15,17,8,18,2,16,13,11,6,12,1,7,5,9,4,10,14,3,0,5,6,8
14,12,1,16,13,11,6,10,4,9,5,7,2,15,17,8,18,3,0,3,10,6
14,12,1,16,13,11,6,10,4,9,5,7,2,15,17,8,18,3,0,3,10,6
16,13,11,6,12,1,15,17,8,18,2,7,5,9,4,10,14,3,0,6,5,8
14,16,13,11,6,12,1,15,17,8,18,3,0,10,4,9,5,7,2,7,6,6
15,17,8,18,2,16,13,11,6,12,1,7,5,9,4,10,14,3,0,5,6,8
15,17,8,18,2,16,13,11,6,12,1,7,5,9,4,10,14,3,0,5,6,8
14,12,1,15,17,8,18,2,16,13,11,6,10,4,9,5,7,3,0,3,5,11
14,12,1,16,13,11,6,10,4,9,5,7,2,15,17,8,18,3,0,3,10,6
15,17,8,18,2,16,13,11,6,12,1,7,5,9,4,10,14,3,0,5,6,8
18,14,12,1,13,16,11,6,10,4,9,5,7,2,15,17,8,3,0,4,10,5
15,17,8,18,2,16,13,11,6,12,1,7,5,9,4,10,14,3,0,5,6,8
14,12,1,16,13,11,6,10,4,9,5,7,2,15,17,8,18,3,0,3,10,6
14,12,1,15,17,8,18,2,6,11,13,16,10,4,9,5,7,3,0,3,5,11
14,12,1,16,13,11,6,10,4,9,5,7,2,15,17,8,18,3,0,3,10,6
14,16,13,11,6,12,1,10,4,9,5,7,2,15,17,8,18,3,0,7,6,6
14,12,1,16,13,11,6,10,4,5,7,9,2,15,17,8,18,3,0,3,10,6
16,14,12,1,15,17,8,18,2,6,11,13,10,4,9,5,7,3,0,4,5,10
14,12,1,15,17,8,18,2,16,13,11,6,10,4,9,5,7,3,0,3,5,11
15,17,8,18,2,16,13,11,6,12,1,5,7,9,4,10,14,3,0,5,6,8
16,14,12,1,15,17,8,18,2,6,11,13,10,4,9,5,7,3,0,4,5,10
16,13,11,6,12,1,15,17,8,18,2,5,7,9,4,10,14,3,0,6,5,8
14,16,13,11,6,12,1,15,17,8,18,3,0,10,4,9,5,7,2,7,6,6
14,15,17,8,18,2,16,13,11,6,12,1,10,4,9,5,7,3,0,6,6,7
15,17,8,18,2,10,16,13,11,6,12,1,5,7,9,4,14,3,0,5,7,7
14,12,1,16,13,11,6,10,4,9,5,7,2,15,17,8,18,3,0,3,10,6
14,12,1,16,13,11,6,10,4,9,5,7,2,15,17,8,18,3,0,3,10,6
15,17,8,18,2,16,13,11,6,12,1,5,7,9,4,10,14,3,0,5,6,8
15,17,8,18,2,10,16,13,11,6,12,1,5,7,9,4,14,3,0,5,7,7
15,17,8,18,2,10,16,13,11,6,12,1,5,7,9,4,14,3,0,5,7,7
14,12,1,15,17,8,18,2,16,13,11,6,10,4,9,5,7,3,0,3,5,11
15,17,14,12,1,16,13,11,6,10,4,5,7,9,2,8,18,3,0,5,10,4
14,12,1,15,17,8,18,2,16,13,11,6,10,4,9,5,7,3,0,3,5,11
16,14,12,1,15,17,8,18,2,6,11,13,10,4,5,7,9,3,0,4,5,10
15,17,8,18,2,16,13,11,6,12,1,5,7,9,4,10,14,3,0,5,6,8
16,13,11,6,12,1,15,17,8,18,2,5,7,9,4,10,14,3,0,6,5,8
16,14,12,1,6,11,13,10,4,9,5,7,2,15,17,8,18,3,0,4,9,6
15,17,8,18,2,16,13,11,6,12,1,5,7,9,4,10,14,3,0,5,6,8
14,12,1,16,13,11,6,10,4,9,5,7,2,15,17,8,18,3,0,3,10,6
15,17,8,18,2,16,13,11,6,12,1,5,7,9,4,10,14,3,0,5,6,8
16,13,11,6,12,1,15,17,8,18,2,5,7,9,4,10,14,3,0,6,5,8
14,12,1,16,13,11,6,10,4,9,5,7,2,15,17,8,18,3,0,3,10,6
16,14,12,1,15,17,8,18,2,6,11,13,10,4,9,5,7,3,0,4,5,10
16,13,11,6,12,1,15,17,8,18,2,5,7,9,4,10,14,3,0,6,5,8
15,17,8,18,2,16,13,11,6,12,1,5,7,9,4,10,14,3,0,5,6,8
14,12,1,16,13,11,6,10,4,9,5,7,2,15,17,8,18,3,0,3,10,6
16,13,11,6,12,1,15,17,8,18,2,5,7,9,4,10,14,3,0,6,5,8
16,10,13,11,6,12,1,15,17,8,18,2,5,7,9,4,14,3,0,7,5,7
14,12,1,16,13,6,11,10,4,9,5,7,2,15,17,8,18,3,0,3,10,6
14,12,1,16,13,11,6,10,4,9,5,7,2,15,17,8,18,3,0,3,10,6
16,14,12,1,15,17,8,18,2,13,11,6,10,4,9,5,7,3,0,4,5,10
14,12,1,15,17,8,18,2,16,13,11,6,10,4,5,7,9,3,0,3,5,11
3,8,17,15,18,2,7,5,9,0,14,4,10,16,13,11,6,12,1,9,1,9
3,18,8,17,15,2,7,5,9,4,0,14,10,16,13,11,6,12,1,10,1,8
3,18,15,17,8,1,12,14,0,6,11,13,16,10,4,9,5,7,2,8,1,10
1,12,6,11,13,16,10,14,0,4,9,5,7,2,17,15,8,18,3,8,1,10
14,4,9,5,7,2,3,15,17,8,18,0,10,16,13,11,6,12,1,6,6,7
9,5,7,2,4,10,16,13,11,6,12,1,14,3,15,17,8,18,0,4,9,6
14,12,1,3,15,17,8,18,0,6,11,13,16,10,4,9,5,7,2,3,6,10
9,5,7,2,18,8,17,15,3,14,4,10,16,13,11,6,12,1,0,9,9,1
14,12,1,6,11,13,16,10,4,9,5,7,2,8,17,15,18,3,0,3,10,6
10,16,13,11,6,12,1,14,4,9,5,7,2,8,17,15,18,3,0,7,6,6
14,10,16,13,11,6,12,1,0,3,15,17,8,18,2,7,5,9,4,8,1,10
14,10,13,16,11,6,12,1,4,9,5,7,2,8,17,15,18,3,0,8,5,6
14,10,16,13,11,6,12,1,4,9,5,7,2,15,17,8,18,3,0,8,5,6
14,10,16,13,11,6,12,1,0,4,9,5,7,2,18,8,17,15,3,8,1,10
14,10,16,13,11,6,12,1,3,15,17,8,18,0,4,9,5,7,2,8,6,5
14,18,8,17,15,3,0,10,13,16,11,6,12,1,4,9,5,7,2,7,7,5
14,10,16,13,11,6,12,1,2,7,5,9,4,15,17,8,18,3,0,8,5,6
14,10,16,13,11,6,12,1,8,17,15,18,3,0,4,9,5,7,2,8,6,5
10,16,13,11,6,12,1,14,4,9,5,7,2,8,17,15,18,3,0,7,6,6
14,10,16,13,11,6,12,1,8,17,15,18,3,0,4,9,5,7,2,8,6,5
14,12,1,6,11,13,16,10,4,9,5,7,2,15,17,8,18,3,0,3,10,6
14,10,16,13,11,6,12,1,8,17,15,18,3,0,4,9,5,7,2,8,6,5
14,10,16,13,11,6,12,1,4,9,5,7,2,15,17,8,18,3,0,8,5,6
14,12,1,6,11,13,16,10,4,9,5,7,2,15,17,8,18,3,0,3,10,6
14,15,17,8,18,2,7,5,9,4,10,16,13,11,6,12,1,3,0,6,11,2
14,10,16,13,11,6,12,1,4,9,5,7,2,8,17,15,18,3,0,8,5,6
14,10,16,13,11,6,12,1,4,9,5,7,2,15,17,8,18,3,0,8,5,6
14,12,1,8,17,15,18,3,0,6,11,13,16,10,4,9,5,7,2,3,6,10
14,10,16,13,11,6,12,1,8,17,15,18,3,0,4,9,5,7,2,8,6,5
14,10,16,13,11,6,12,1,4,9,5,7,2,15,17,8,18,3,0,8,5,6
14,10,16,13,11,6,12,1,15,17,8,18,3,0,4,9,5,7,2,8,6,5
14,16,13,11,6,10,4,9,5,7,2,12,1,15,17,8,18,3,0,11,2,6
14,10,16,13,11,6,12,1,8,17,15,18,3,0,4,9,5,7,2,8,6,5
14,12,1,8,17,15,18,3,0,6,11,13,16,10,4,9,5,7,2,3,6,10
14,10,16,13,11,6,12,1,15,17,8,18,3,0,4,9,5,7,2,8,6,5
14,10,16,13,11,6,12,1,15,17,8,18,3,0,4,9,5,7,2,8,6,5
14,10,16,13,11,6,12,1,15,17,8,18,3,0,4,9,5,7,2,8,6,5
10,16,13,11,6,12,1,15,17,8,18,3,0,14,4,9,5,7,2,7,6,6
14,10,16,13,11,6,12,1,15,17,8,18,3,0,4,9,5,7,2,8,6,5
14,10,16,13,11,6,12,1,15,17,8,18,3,0,4,9,5,7,2,8,6,5
14,12,1,6,11,16,13,10,4,9,5,7,2,15,17,8,18,3,0,3,10,6
12,6,11,13,16,10,14,1,15,17,8,18,3,0,4,9,5,7,2,8,6,5
14,10,16,13,11,6,12,1,15,17,8,18,3,0,4,9,5,7,2,8,6,5
12,6,11,13,16,10,14,1,4,9,5,7,2,15,17,8,18,3,0,8,5,6
14,12,1,6,11,13,16,10,4,9,5,7,2,15,17,8,18,3,0,3,10,6
14,10,16,13,11,6,12,1,15,17,8,18,3,0,4,9,5,7,2,8,6,5
14,10,16,13,11,6,12,1,4,9,5,7,2,15,17,8,18,3,0,8,5,6
14,10,16,13,11,6,12,1,15,17,8,18,3,0,4,9,5,7,2,8,6,5
18,8,17,15,2,10,16,13,11,6,12,1,7,5,9,4,14,3,0,5,7,7
2,10,16,13,11,6,12,1,7,5,9,4,14,18,8,17,15,3,0,1,7,11
14,10,16,13,11,6,12,1,15,17,8,18,3,0,4,9,5,7,2,8,6,5
18,8,17,15,2,10,16,13,11,6,12,1,7,5,9,4,14,3,0,5,7,7
14,10,16,13,11,6,12,1,15,17,8,18,3,0,4,9,5,7,2,8,6,5
2,10,16,13,11,6,12,1,7,5,9,4,14,15,17,8,18,3,0,1,7,11
14,12,1,15,17,8,18,2,16,13,11,6,10,4,9,5,7,3,0,3,5,11
14,10,16,13,11,6,12,1,15,17,8,18,3,0,4,9,5,7,2,8,6,5
14,12,1,15,17,8,18,2,6,11,13,16,10,4,9,5,7,3,0,3,5,11
14,12,1,16,13,11,6,10,4,9,5,7,2,15,17,8,18,3,0,3,10,6
14,10,16,13,11,6,12,1,15,17,8,18,3,0,4,9,5,7,2,8,6,5
14,10,16,13,11,6,12,1,15,17,8,18,3,0,4,9,5,7,2,8,6,5
10,16,13,11,6,12,1,15,17,8,18,3,0,14,4,9,5,7,2,7,6,6
14,10,16,13,11,6,12,1,15,17,8,18,3,0,4,9,5,7,2,8,6,5
14,12,1,6,11,13,16,10,4,9,5,7,2,8,17,15,18,3,0,3,10,6
14,12,1,16,13,11,6,10,4,9,5,7,2,15,17,8,18,3,0,3,10,6
14,10,16,13,11,6,12,1,15,17,8,18,3,0,4,9,5,7,2,8,6,5
10,16,13,11,6,12,1,15,17,8,18,2,7,5,9,4,14,3,0,7,5,7
15,17,8,18,2,16,13,11,6,12,1,7,5,9,4,10,14,3,0,5,6,8
14,10,16,13,11,6,12,1,15,17,8,18,3,0,4,9,5,7,2,8,6,5
14,10,16,13,11,6,12,1,15,17,8,18,3,0,4,9,5,7,2,8,6,5
15,17,8,18,2,16,13,11,6,12,1,7,5,9,4,10,14,3,0,5,6,8
14,15,17,8,18,2,12,1,16,13,6,11,10,4,9,5,7,3,0,6,2,11
14,16,13,11,6,12,1,10,4,9,5,7,2,15,17,8,18,3,0,7,6,6
14,16,13,11,6,12,1,15,17,8,18,3,0,10,4,9,5,7,2,7,6,6
15,17,8,18,2,16,13,11,6,12,1,7,5,9,4,10,14,3,0,5,6,8
15,17,8,18,2,16,13,11,6,12,1,7,5,9,4,10,14,3,0,5,6,8
14,16,13,11,6,12,1,15,17,8,18,3,0,10,4,9,5,7,2,7,6,6
15,17,8,18,2,16,13,11,6,12,1,7,5,9,4,10,14,3,0,5,6,8
14,16,13,11,6,12,1,15,17,8,18,3,0,10,4,9,5,7,2,7,6,6
14,12,1,16,13,11,6,10,4,9,5,7,2,15,17,8,18,3,0,3,10,6
16,14,12,1,15,17,8,18,2,6,11,13,10,4,5,7,9,3,0,4,5,10
2,16,13,11,6,12,1,7,5,9,4,10,14,18,8,17,15,3,0,1,6,12
15,17,8,18,2,16,13,11,6,12,1,7,5,9,4,10,14,3,0,5,6,8
14,12,1,16,13,11,6,10,4,9,5,7,2,8,17,15,18,3,0,3,10,6
15,17,8,18,2,10,16,13,11,6,12,1,5,7,9,4,14,3,0,5,7,7
15,17,8,18,2,16,13,11,6,12,1,7,5,9,4,10,14,3,0,5,6,8
14,12,1,15,17,8,18,2,16,13,11,6,10,4,9,5,7,3,0,3,5,11
14,16,13,11,6,12,1,15,17,8,18,3,0,10,4,9,5,7,2,7,6,6
14,12,1,16,13,11,6,10,4,9,5,7,2,15,17,8,18,3,0,3,10,6
15,17,8,18,2,16,13,11,6,12,1,5,7,9,4,10,14,3,0,5,6,8
16,14,15,17,8,18,2,12,1,6,11,13,10,4,9,5,7,3,0,7,2,10
15,17,8,18,2,16,13,11,6,12,1,5,7,9,4,10,14,3,0,5,6,8
16,13,11,6,12,1,15,17,8,18,2,5,7,9,4,10,14,3,0,6,5,8
16,14,12,1,15,17,8,18,2,6,11,13,10,4,9,5,7,3,0,4,5,10
15,17,14,12,1,16,13,11,6,10,4,9,5,7,2,8,18,3,0,5,10,4
15,17,8,18,2,16,13,11,6,12,1,5,7,9,4,10,14,3,0,5,6,8
14,10,16,13,11,6,12,1,5,7,9,4,2,15,17,8,18,3,0,8,5,6
16,13,14,12,1,15,17,8,18,2,11,6,10,4,9,5,7,3,0,5,5,9
14,12,1,15,17,8,18,2,16,13,6,11,10,4,9,5,7,3,0,3,5,11
14,12,1,15,17,8,18,2,16,13,11,6,10,4,9,5,7,3,0,3,5,11
15,17,8,18,2,16,13,11,6,12,1,5,7,9,4,10,14,3,0,5,6,8
14,12,1,16,13,11,6,10,4,9,5,7,2,15,17,8,18,3,0,3,10,6
14,10,16,13,11,6,12,1,0,18,8,17,15,3,4,9,5,7,2,8,6,5
3,15,17,8,18,2,7,5,9,0,1,12,6,11,13,16,10,4,14,9,1,9
14,4,9,5,7,2,18,15,17,8,3,10,16,13,11,6,12,1,0,11,7,1
14,10,4,9,7,5,16,13,11,6,12,1,0,3,18,8,17,15,2,12,1,6
9,5,7,2,14,4,10,16,13,11,6,12,1,3,15,17,8,18,0,4,9,6
14,10,16,13,11,6,12,1,0,3,15,17,8,18,2,7,5,9,4,8,1,10
14,10,16,13,11,6,12,1,4,9,5,7,2,8,17,15,18,3,0,8,5,6
3,18,8,17,15,2,0,14,10,4,9,7,5,16,13,11,6,12,1,6,1,12
14,12,1,6,11,13,16,10,4,9,5,7,2,8,17,15,18,3,0,3,10,6
14,10,16,13,11,6,12,1,3,15,17,8,18,0,4,9,5,7,2,8,6,5
14,10,16,13,11,6,12,1,4,9,5,7,2,15,17,8,18,3,0,8,10,1
14,10,16,13,11,6,12,1,4,9,5,7,2,8,17,15,18,3,0,8,5,6
14,10,16,13,11,6,12,1,3,15,17,8,18,0,4,9,5,7,2,8,6,5
14,10,16,13,11,6,12,1,4,9,5,7,2,8,17,15,18,3,0,8,5,6
0,14,10,16,13,11,6,12,1,3,15,17,8,18,2,7,5,9,4,1,8,10
14,6,11,13,16,10,4,9,5,7,2,12,1,8,17,15,18,3,0,11,2,6
14,10,16,13,11,6,12,1,4,9,5,7,2,8,17,15,18,3,0,8,5,6
14,10,16,13,11,6,12,1,0,3,18,8,17,15,2,7,5,9,4,8,1,10
14,10,16,13,11,6,12,1,0,3,18,8,17,15,2,5,7,9,4,8,1,10
14,10,16,13,11,6,12,1,8,17,15,18,3,0,4,9,5,7,2,8,6,5
14,10,16,13,11,6,12,1,4,9,5,7,2,8,17,15,18,3,0,8,5,6
14,12,1,8,17,15,18,3,0,6,11,16,13,10,4,9,5,7,2,3,6,10
14,10,16,13,11,6,12,1,8,17,15,18,3,0,4,9,5,7,2,8,6,5
14,4,10,16,13,11,6,12,1,9,5,7,2,15,17,8,18,3,0,9,4,6
14,10,16,13,11,6,12,1,4,9,5,7,2,15,17,8,18,3,0,8,5,6
14,10,16,13,11,6,12,1,4,9,5,7,2,15,17,8,18,3,0,8,5,6
14,10,16,13,11,6,12,1,4,9,5,7,2,15,17,8,18,3,0,8,5,6
14,10,16,13,11,6,12,1,8,17,15,18,3,0,4,9,5,7,2,8,6,5
14,10,16,13,11,6,12,1,8,17,15,18,3,0,4,9,5,7,2,8,6,5
14,12,1,16,13,11,6,10,4,9,5,7,2,15,17,8,18,3,0,3,10,6
14,10,16,13,11,6,12,1,8,17,15,18,3,0,4,9,5,7,2,8,6,5
14,12,1,6,11,13,16,10,4,9,5,7,2,15,17,8,18,3,0,3,10,6
14,10,16,13,11,6,12,1,15,17,8,18,3,0,4,9,5,7,2,8,6,5
14,10,16,13,11,6,12,1,15,17,8,18,3,0,4,9,5,7,2,8,6,5
2,10,16,13,11,6,12,1,7,5,9,4,14,15,17,8,18,3,0,1,7,11
14,1,12,6,11,13,16,10,4,9,5,7,2,15,17,8,18,3,0,2,11,6
14,10,16,13,11,6,12,1,15,17,8,18,3,0,4,9,5,7,2,8,6,5
14,10,16,13,11,6,12,1,15,17,8,18,3,0,4,9,5,7,2,8,6,5
14,10,16,13,11,6,12,1,4,9,5,7,2,15,17,8,18,3,0,8,5,6
14,10,16,13,11,6,12,1,4,9,5,7,2,8,17,15,18,3,0,8,5,6
14,12,1,6,11,13,16,10,4,9,5,7,2,15,17,8,18,3,0,3,10,6
14,10,16,13,11,6,12,1,15,17,8,18,3,0,4,9,5,7,2,8,6,5
2,10,16,13,11,6,12,1,7,5,9,4,14,18,15,17,8,3,0,1,7,11
14,10,16,13,11,6,12,1,4,9,5,7,2,15,17,8,18,3,0,8,5,6
14,10,13,16,11,6,12,1,15,17,8,18,3,0,4,9,5,7,2,8,6,5
14,10,16,13,11,6,12,1,15,17,8,18,3,0,4,9,5,7,2,8,6,5
18,8,17,15,2,10,16,13,11,6,12,1,7,5,9,4,14,3,0,5,7,7
14,10,16,13,11,6,12,1,7,5,9,4,2,15,17,8,18,3,0,8,5,6
14,10,16,13,11,6,12,1,4,9,5,7,2,15,17,8,18,3,0,8,5,6
14,10,16,13,11,6,12,1,15,17,8,18,3,0,4,9,5,7,2,8,6,5
18,8,17,15,2,10,16,13,11,6,12,1,7,5,9,4,14,3,0,5,7,7
14,10,16,13,11,6,12,1,4,9,5,7,2,15,17,8,18,3,0,8,5,6
14,12,1,15,17,8,18,2,16,13,11,6,10,4,9,5,7,3,0,3,5,11
14,10,16,13,11,6,12,1,15,17,8,18,3,0,7,5,9,4,2,8,6,5
2,10,16,13,11,6,12,1,7,5,9,4,14,15,17,8,18,3,0,1,7,11
14,10,16,13,11,6,12,1,7,5,9,4,2,15,17,8,18,3,0,8,5,6
14,10,16,13,11,6,12,1,15,17,8,18,3,0,4,9,5,7,2,8,6,5
14,10,16,13,11,6,12,1,4,9,5,7,2,15,17,8,18,3,0,8,5,6
14,12,1,15,17,8,18,2,6,11,13,16,10,4,9,5,7,3,0,3,5,11
15,17,8,18,2,10,16,13,11,6,12,1,7,5,9,4,14,3,0,5,7,7
14,10,16,13,11,6,12,1,15,17,8,18,3,0,4,9,5,7,2,8,6,5
14,15,17,8,18,2,12,1,16,13,11,6,10,4,9,5,7,3,0,6,2,11
14,10,16,13,11,6,12,1,15,17,8,18,3,0,4,9,5,7,2,8,6,5
2,10,16,13,11,6,12,1,7,5,9,4,14,15,17,8,18,3,0,1,7,11
14,10,16,13,11,6,12,1,15,17,8,18,3,0,4,9,5,7,2,8,6,5
14,10,16,13,11,6,12,1,15,17,8,18,3,0,4,9,5,7,2,8,6,5
15,17,8,18,2,16,13,11,6,12,1,7,5,9,4,10,14,3,0,5,6,8
14,12,1,16,13,6,11,10,4,9,5,7,2,15,17,8,18,3,0,3,10,6
14,1,12,6,11,13,16,10,4,9,5,7,2,15,17,8,18,3,0,2,11,6
14,16,13,11,6,12,1,15,17,8,18,3,0,10,4,9,5,7,2,7,6,6
16,13,11,6,12,1,15,17,8,18,2,7,5,9,4,10,14,3,0,6,5,8
14,10,16,13,11,6,12,1,15,17,8,18,3,0,7,5,9,4,2,8,6,5
14,16,13,10,11,6,12,1,15,17,8,18,3,0,4,9,5,7,2,8,6,5
14,16,13,11,6,12,1,15,17,8,18,3,0,10,4,9,5,7,2,7,6,6
15,17,8,18,2,16,13,11,6,12,1,7,5,9,4,10,14,3,0,5,6,8
16,13,11,6,12,1,15,17,8,18,2,7,5,9,4,10,14,3,0,6,5,8
14,16,13,11,6,12,1,10,4,9,5,7,2,15,17,8,18,3,0,7,6,6
14,10,16,13,11,6,12,1,15,17,8,18,3,0,5,7,9,4,2,8,6,5
15,17,8,18,2,16,13,11,6,12,1,7,5,9,4,10,14,3,0,5,6,8
14,12,1,15,17,8,18,2,6,11,13,16,10,4,9,5,7,3,0,3,5,11
14,12,1,15,17,8,18,2,16,13,11,6,10,4,9,5,7,3,0,3,5,11
14,12,1,15,17,8,18,2,6,11,13,16,10,4,9,5,7,3,0,3,5,11
14,16,13,11,6,12,1,15,17,8,18,3,0,10,4,9,5,7,2,7,6,6
14,18,8,17,15,2,12,1,16,13,11,6,10,4,9,5,7,3,0,6,2,11
15,17,8,18,2,16,13,11,6,12,1,7,5,9,4,10,14,3,0,5,6,8
15,17,8,18,2,16,13,11,6,12,1,7,5,9,4,10,14,3,0,5,6,8
15,17,14,12,1,16,13,11,6,10,4,9,5,7,2,8,18,3,0,5,10,4
16,13,11,6,12,1,15,17,8,18,2,5,7,9,4,10,14,3,0,6,5,8
14,10,16,13,11,6,12,1,7,5,9,4,2,15,17,8,18,3,0,8,5,6
16,13,11,6,12,1,15,17,8,18,2,5,7,9,4,10,14,3,0,6,5,8
16,13,11,6,12,1,15,17,8,18,2,5,7,9,4,10,14,3,0,6,5,8
16,14,12,1,13,11,6,10,4,9,5,7,2,15,17,8,18,3,0,4,9,6
14,12,1,15,17,8,18,2,16,13,11,6,10,4,9,5,7,3,0,3,5,11
15,17,8,18,2,10,16,13,11,6,12,1,5,7,9,4,14,3,0,5,7,7
14,12,1,15,17,8,18,2,16,13,11,6,10,4,9,5,7,3,0,3,5,11
15,17,8,18,2,16,13,11,6,12,1,5,7,9,4,10,14,3,0,5,6,8
16,2,15,17,8,18,14,10,13,11,6,12,1,5,7,9,4,3,0,2,11,6
16,2,15,17,8,18,14,12,1,13,11,6,10,4,9,5,7,3,0,2,7,10
15,17,8,18,2,16,13,11,6,12,1,5,7,9,4,10,14,3,0,5,6,8
15,17,14,12,1,16,13,11,6,10,4,9,5,7,2,8,18,3,0,5,10,4
16,13,14,12,1,15,17,8,18,2,11,6,10,4,9,5,7,3,0,5,5,9
14,4,10,16,13,11,6,12,1,0,3,18,8,17,15,2,7,5,9,9,1,9
0,14,10,16,13,11,6,12,1,3,15,17,8,18,2,7,5,9,4,1,8,10
3,15,17,8,18,0,10,16,13,11,6,12,1,14,4,9,5,7,2,6,7,6
6,11,13,16,10,4,9,5,7,2,14,12,1,8,17,15,18,3,0,10,3,6
0,14,10,16,13,11,6,12,1,3,15,17,8,18,2,7,5,9,4,1,8,10
0,3,18,15,17,8,1,14,12,6,11,13,16,10,4,9,5,7,2,1,6,12
14,10,16,13,11,6,12,1,0,3,15,17,8,18,2,7,5,9,4,8,1,10
14,10,16,13,11,6,12,1,4,9,5,7,2,8,17,15,18,3,0,8,5,6
14,3,18,8,17,15,2,0,10,4,9,7,5,16,13,11,6,12,1,7,1,11
14,10,16,13,11,6,12,1,4,9,5,7,2,8,17,15,18,3,0,8,5,6
14,10,16,13,11,6,12,1,4,9,5,7,2,3,15,17,8,18,0,8,5,6
14,10,16,13,11,6,12,1,3,15,17,8,18,0,4,9,5,7,2,8,6,5
14,10,16,13,11,6,12,1,0,3,18,8,17,15,2,7,5,9,4,8,1,10
14,10,16,13,11,6,12,1,4,9,5,7,2,8,17,15,18,3,0,8,5,6
14,10,16,13,11,6,12,1,8,17,15,18,3,0,4,9,5,7,2,8,6,5
14,10,13,16,11,6,12,1,4,9,5,7,2,8,17,15,18,3,0,8,5,6
14,18,8,17,15,3,0,10,16,13,11,6,12,1,4,9,5,7,2,7,7,5
14,10,16,13,11,6,12,1,8,17,15,18,3,0,4,9,5,7,2,8,6,5
14,10,16,13,11,6,12,1,4,9,5,7,2,8,17,15,18,3,0,8,5,6
14,12,1,6,11,13,16,10,4,9,5,7,2,8,17,15,18,3,0,3,10,6
14,6,11,13,16,10,4,9,5,7,2,12,1,8,17,15,18,3,0,11,2,6
14,10,16,13,11,6,12,1,8,17,15,18,3,0,4,9,5,7,2,8,6,5
14,12,1,8,17,15,18,3,0,6,11,13,16,10,4,9,5,7,2,3,6,10
14,10,16,13,11,6,12,1,4,9,5,7,2,15,17,8,18,3,0,8,5,6
14,10,16,13,11,6,12,1,17,15,8,18,3,0,4,9,5,7,2,8,6,5
14,10,16,13,11,6,12,1,8,17,15,18,3,0,4,9,7,5,2,8,6,5
14,10,16,13,11,6,12,1,4,9,5,7,2,15,17,8,18,3,0,8,5,6
14,10,16,13,11,6,12,1,0,3,18,8,17,15,2,7,5,9,4,8,1,10
14,10,16,13,11,6,12,1,8,17,15,18,3,0,4,9,5,7,2,8,6,5
10,16,13,11,6,12,1,14,4,9,5,7,2,15,17,8,18,3,0,7,6,6
14,10,16,13,11,6,12,1,15,17,8,18,3,0,4,9,5,7,2,8,6,5
14,10,16,13,11,6,12,1,15,17,8,18,3,0,4,9,5,7,2,8,6,5
14,10,16,13,11,6,12,1,15,17,8,18,3,0,4,9,5,7,2,8,6,5
14,10,16,13,11,6,12,1,15,17,8,18,3,0,4,9,5,7,2,8,6,5
14,10,16,13,11,6,12,1,15,17,8,18,3,0,4,9,5,7,2,8,6,5
14,10,13,16,11,6,12,1,15,17,8,18,3,0,4,9,5,7,2,8,6,5
14,10,16,13,11,6,12,1,15,17,8,18,3,0,4,9,5,7,2,8,6,5
10,16,13,11,6,12,1,15,17,8,18,3,0,14,4,9,5,7,2,7,6,6
14,10,16,13,11,6,12,1,15,17,8,18,3,0,4,9,5,7,2,8,6,5
14,10,16,13,11,6,12,1,4,9,5,7,2,15,17,8,18,3,0,8,5,6
14,10,16,13,11,6,12,1,15,17,8,18,3,0,4,9,5,7,2,8,6,5
14,10,16,13,11,6,12,1,4,9,5,7,2,15,17,8,18,3,0,8,5,6
14,10,16,13,11,6,12,1,4,9,5,7,2,15,17,8,18,3,0,8,5,6
10,16,13,11,6,12,1,15,17,8,18,3,0,14,4,9,5,7,2,7,6,6
2,16,13,11,6,12,1,7,5,9,4,10,14,8,17,15,18,3,0,1,6,12
2,10,16,13,11,6,12,1,7,5,9,4,14,15,17,8,18,3,0,1,7,11
14,16,13,11,6,12,1,15,17,8,18,3,0,10,4,9,5,7,2,7,6,6
14,10,16,13,11,6,12,1,4,9,5,7,2,15,17,8,18,3,0,8,5,6
14,10,16,13,11,6,12,1,15,17,8,18,3,0,4,9,5,7,2,8,6,5
14,12,1,16,13,11,6,10,4,9,5,7,2,15,17,8,18,3,0,3,10,6
14,10,16,13,11,6,12,1,15,17,8,18,3,0,4,9,5,7,2,8,6,5
14,12,1,16,13,11,6,10,4,5,7,9,2,15,17,8,18,3,0,3,10,6
14,10,16,13,11,6,12,1,7,5,9,4,2,15,17,8,18,3,0,8,5,6
14,10,16,13,11,6,12,1,15,17,8,18,3,0,4,9,5,7,2,8,6,5
14,16,13,11,6,10,4,9,5,7,2,12,1,15,17,8,18,3,0,11,2,6
14,12,1,16,13,11,6,10,4,9,5,7,2,15,17,8,18,3,0,3,10,6
14,12,1,16,13,11,6,10,4,9,5,7,2,15,17,8,18,3,0,3,10,6
12,1,14,18,8,17,15,2,16,13,11,6,10,4,9,5,7,3,0,2,6,11
10,16,13,11,6,12,1,15,17,8,18,3,0,14,4,9,5,7,2,7,6,6
14,10,16,13,11,6,12,1,15,17,8,18,3,0,5,7,9,4,2,8,6,5
14,12,1,16,13,11,6,10,4,9,5,7,2,15,17,8,18,3,0,3,10,6
14,12,1,16,13,11,6,10,4,9,5,7,2,15,17,8,18,3,0,3,10,6
14,12,1,15,17,8,18,2,16,13,11,6,10,4,9,5,7,3,0,3,5,11
15,17,8,18,2,10,16,13,11,6,12,1,7,5,9,4,14,3,0,5,7,7
14,10,16,13,11,6,12,1,15,17,8,18,3,0,4,9,5,7,2,8,6,5
14,12,1,16,13,11,6,10,4,9,5,7,2,15,17,8,18,3,0,3,10,6
15,17,8,18,2,16,13,11,6,12,1,7,5,9,4,10,14,3,0,5,6,8
14,16,13,11,6,12,1,10,4,9,5,7,2,15,17,8,18,3,0,7,6,6
14,12,1,16,13,11,6,10,4,9,5,7,2,15,17,8,18,3,0,3,10,6
14,16,13,11,6,12,1,15,17,8,18,3,0,10,4,9,5,7,2,7,6,6
14,16,13,11,6,12,1,15,17,8,18,3,0,10,4,9,5,7,2,7,6,6
14,16,13,11,6,12,1,15,17,8,18,3,0,10,4,9,5,7,2,7,6,6
14,12,1,15,17,8,18,2,16,13,11,6,10,4,9,5,7,3,0,3,5,11
14,10,16,13,11,6,12,1,15,17,8,18,3,0,4,9,5,7,2,8,6,5
16,13,11,6,12,1,15,17,8,18,2,7,5,9,4,10,14,3,0,6,5,8
14,16,13,11,6,12,1,10,4,9,5,7,2,15,17,8,18,3,0,7,6,6
14,10,16,13,11,6,12,1,15,17,8,18,3,0,4,9,5,7,2,8,6,5
16,13,11,6,12,1,15,17,8,18,2,7,5,9,4,10,14,3,0,6,5,8
15,17,8,18,2,16,13,11,6,12,1,7,5,9,4,10,14,3,0,5,6,8
14,10,16,13,11,6,12,1,15,17,8,18,3,0,4,9,5,7,2,8,6,5
14,12,1,15,17,8,18,2,16,13,11,6,10,4,9,5,7,3,0,3,5,11
14,15,17,8,18,2,16,13,11,6,12,1,10,4,9,5,7,3,0,6,6,7
14,16,13,11,6,12,1,10,4,9,5,7,2,15,17,8,18,3,0,7,6,6
14,16,13,11,6,12,1,10,4,9,5,7,2,15,17,8,18,3,0,7,6,6
14,12,1,16,13,11,6,10,4,9,5,7,2,15,17,8,18,3,0,3,10,6
14,12,1,15,17,8,18,2,16,13,11,6,10,4,9,5,7,3,0,3,5,11
14,12,1,16,13,11,6,10,4,9,5,7,2,15,17,8,18,3,0,3,10,6
16,13,11,6,12,1,15,17,8,18,2,5,7,9,4,10,14,3,0,6,5,8
16,14,12,1,15,17,8,18,2,6,11,13,10,4,9,5,7,3,0,4,5,10
14,16,13,11,6,12,1,10,4,9,5,7,2,15,17,8,18,3,0,7,6,6
16,13,11,6,12,1,15,17,8,18,2,5,7,9,4,10,14,3,0,6,5,8
14,16,13,11,6,12,1,10,4,9,5,7,2,15,17,8,18,3,0,7,6,6
14,12,1,16,13,11,6,10,4,9,5,7,2,15,17,8,18,3,0,3,10,6
14,12,1,16,13,11,6,10,4,5,7,9,2,15,17,8,18,3,0,3,10,6
15,17,8,18,2,16,13,10,11,6,12,1,5,7,9,4,14,3,0,5,7,7
14,10,16,13,11,6,12,1,5,7,9,4,2,15,17,8,18,3,0,8,5,6
16,13,11,6,12,1,15,17,8,18,2,5,7,9,4,10,14,3,0,6,5,8
14,12,1,15,17,8,18,2,16,13,11,6,10,4,9,5,7,3,0,3,5,11
14,12,1,15,17,8,18,2,16,13,11,6,10,4,9,5,7,3,0,3,5,11
16,14,12,1,15,17,8,18,2,6,11,13,10,4,9,5,7,3,0,4,5,10
15,17,8,18,2,16,13,11,6,12,1,5,7,9,4,10,14,3,0,5,6,8
16,14,12,1,15,17,8,18,2,13,11,6,10,4,9,5,7,3,0,4,5,10
14,10,4,9,7,5,16,13,11,6,12,1,0,3,18,8,15,17,2,12,1,6
14,16,13,11,6,12,1,15,17,8,18,3,0,10,4,9,5,7,2,7,6,6
14,10,16,13,11,6,12,1,4,9,5,7,2,15,17,8,18,3,0,8,5,6
14,10,16,13,11,6,12,1,4,9,5,7,2,15,17,8,18,3,0,8,5,6
14,10,16,13,11,6,12,1,15,17,8,18,3,0,4,9,5,7,2,8,6,5
14,10,13,16,11,6,12,1,15,17,8,18,3,0,4,9,5,7,2,8,6,5
10,16,13,11,6,12,1,14,4,9,5,7,2,15,17,8,18,3,0,7,6,6
18,8,17,15,2,10,16,13,11,6,12,1,7,5,9,4,14,3,0,5,7,7
14,10,16,13,11,6,12,1,15,17,8,18,3,0,4,9,5,7,2,8,6,5
14,10,16,13,11,6,12,1,15,17,8,18,3,0,4,9,5,7,2,8,6,5
14,16,13,11,6,12,1,15,17,8,18,3,0,10,4,9,5,7,2,7,6,6
14,12,1,16,13,11,6,10,4,9,5,7,2,15,17,8,18,3,0,3,10,6
10,16,13,11,6,12,1,14,4,9,5,7,2,15,17,8,18,3,0,7,6,6
14,10,16,13,11,6,12,1,15,17,8,18,3,0,4,9,5,7,2,8,6,5
14,12,1,6,11,16,13,10,4,9,5,7,2,15,17,8,18,3,0,3,10,6
14,10,13,16,11,6,12,1,7,5,9,4,2,15,17,8,18,3,0,8,5,6
14,10,16,13,11,6,12,1,15,17,8,18,3,0,4,9,5,7,2,8,6,5
14,10,16,13,11,6,12,1,15,17,8,18,3,0,4,9,5,7,2,8,6,5
12,1,14,18,8,17,15,2,6,11,13,16,10,4,9,5,7,3,0,2,6,11
14,10,16,13,11,6,12,1,4,9,5,7,2,15,17,8,18,3,0,8,5,6
2,10,16,13,11,6,12,1,7,5,9,4,14,15,17,8,18,3,0,1,7,11
9,5,7,2,18,15,17,8,3,0,1,12,6,11,13,16,10,4,14,9,1,9
10,16,13,11,6,12,1,14,4,9,5,7,2,3,15,17,8,18,0,7,6,6
10,16,13,11,6,12,1,2,7,5,9,4,14,3,15,17,8,18,0,7,6,6
14,7,5,9,4,10,16,13,11,6,12,1,3,18,8,17,15,2,0,12,6,1
1,12,6,11,13,16,10,14,4,9,5,7,2,3,15,17,8,18,0,8,5,6
14,10,16,13,11,6,12,1,4,9,5,7,2,3,15,17,8,18,0,8,5,6
14,10,4,9,7,5,16,13,11,6,12,1,0,3,18,8,17,15,2,12,1,6
0,3,18,8,17,15,2,14,7,5,9,4,10,16,13,11,6,12,1,1,6,12
14,10,16,13,11,6,12,1,4,9,5,7,2,3,15,17,8,18,0,8,5,6
10,16,13,11,6,12,1,14,4,9,5,7,2,3,15,17,8,18,0,7,6,6
14,12,6,11,13,16,10,4,9,5,7,2,1,8,17,15,18,3,0,12,1,6
14,10,16,13,11,6,12,1,18,15,17,8,3,0,4,9,5,7,2,13,1,5
14,10,16,13,11,6,12,1,3,15,17,8,18,0,4,9,5,7,2,8,6,5
14,10,16,13,11,6,12,1,8,17,15,18,3,0,4,9,5,7,2,8,6,5
14,10,16,13,11,6,12,1,0,3,18,8,17,15,2,7,5,9,4,8,1,10
14,10,16,13,11,6,12,1,8,17,15,18,3,0,4,9,5,7,2,8,6,5
14,18,8,17,15,3,2,0,7,5,9,4,10,16,13,11,6,12,1,7,1,11
10,16,13,11,6,12,1,8,17,15,18,3,0,14,4,9,5,7,2,7,6,6
0,14,10,13,16,11,6,12,1,4,9,5,7,2,17,15,8,18,3,1,8,10
14,18,8,17,15,3,0,10,16,13,11,6,12,1,4,9,5,7,2,7,7,5
14,10,16,13,11,6,12,1,8,17,15,18,3,0,4,9,5,7,2,8,6,5
14,10,16,13,11,6,12,1,4,9,5,7,2,15,17,8,18,3,0,8,5,6
10,16,13,11,6,12,1,14,4,9,5,7,2,15,17,8,18,3,0,7,6,6
14,10,16,13,11,6,12,1,4,9,5,7,2,15,17,8,18,3,0,8,5,6
14,6,11,16,13,10,4,9,5,7,2,12,1,15,17,8,18,3,0,11,2,6
14,10,16,13,11,6,12,1,8,17,15,18,3,0,4,9,5,7,2,8,6,5
14,10,16,13,11,6,12,1,15,17,8,18,3,0,4,9,5,7,2,8,6,5
14,10,16,13,11,6,12,1,8,17,15,18,3,0,4,9,5,7,2,8,6,5
14,10,16,13,11,6,12,1,15,17,8,18,3,0,4,9,5,7,2,8,6,5
14,10,13,16,11,6,12,1,4,9,5,7,2,15,17,8,18,3,0,8,5,6
14,1,12,6,11,13,16,10,4,9,5,7,2,15,17,8,18,3,0,2,11,6
14,12,1,16,13,11,6,10,4,9,5,7,2,15,17,8,18,3,0,3,10,6
10,16,13,11,6,12,1,15,17,8,18,3,0,14,4,9,5,7,2,7,6,6
14,10,16,13,11,6,12,1,4,9,5,7,2,15,17,8,18,3,0,8,5,6
14,18,8,17,15,3,0,12,1,16,13,11,6,10,4,9,5,7,2,7,2,10
14,12,1,15,17,8,18,3,0,6,11,13,16,10,4,9,5,7,2,3,6,10
14,12,1,6,11,13,16,10,4,9,5,7,2,15,17,8,18,3,0,3,10,6
14,10,16,13,11,6,12,1,15,17,8,18,3,0,4,9,5,7,2,8,6,5
14,10,16,13,11,6,12,1,15,17,8,18,3,0,4,9,5,7,2,8,6,5
14,18,8,17,15,2,12,1,16,13,11,6,10,4,9,5,7,3,0,6,2,11
10,16,13,11,6,12,1,14,4,9,7,5,2,8,17,15,18,3,0,7,6,6
14,10,16,13,11,6,12,1,4,9,5,7,2,15,17,8,18,3,0,8,5,6
14,12,1,6,11,13,16,10,4,9,5,7,2,15,17,8,18,3,0,3,10,6
8,17,15,18,14,10,16,13,11,6,12,1,4,9,5,7,2,3,0,12,5,2
14,12,1,15,17,8,18,3,0,16,13,11,6,10,4,9,5,7,2,3,6,10
14,10,16,13,11,6,12,1,15,17,8,18,3,0,4,9,5,7,2,8,6,5
14,10,16,13,11,6,12,1,15,17,8,18,3,0,4,9,5,7,2,8,6,5
14,12,1,15,17,8,18,2,16,13,11,6,10,4,9,5,7,3,0,3,5,11
14,12,1,15,17,8,18,2,16,13,11,6,10,4,9,5,7,3,0,3,5,11
14,10,16,13,11,6,12,1,4,9,5,7,2,15,17,8,18,3,0,8,5,6
14,10,16,13,11,6,12,1,15,17,8,18,3,0,4,9,5,7,2,8,6,5
14,10,16,13,11,6,12,1,4,9,5,7,2,15,17,8,18,3,0,8,5,6
16,12,1,14,15,17,8,18,3,0,6,11,13,10,4,9,5,7,2,3,7,9
14,10,16,13,11,6,12,1,4,9,5,7,2,15,17,8,18,3,0,8,5,6
14,10,16,13,11,6,12,1,15,17,8,18,3,0,4,9,5,7,2,8,6,5
14,10,16,13,11,6,12,1,15,17,8,18,3,0,7,5,9,4,2,8,6,5
18,8,17,15,2,10,16,13,11,6,12,1,7,5,9,4,14,3,0,5,7,7
14,10,16,13,11,6,12,1,4,9,5,7,2,15,17,8,18,3,0,8,5,6
14,16,13,11,6,12,1,10,4,9,5,7,2,15,17,8,18,3,0,7,6,6
12,1,14,10,6,11,13,16,5,7,9,4,2,15,17,8,18,3,0,2,11,6
14,12,1,16,13,11,6,10,4,9,5,7,2,15,17,8,18,3,0,3,10,6
14,12,1,16,13,11,6,10,4,5,7,9,2,15,17,8,18,3,0,3,10,6
14,10,16,13,11,6,12,1,15,17,8,18,3,0,4,9,5,7,2,8,6,5
14,12,1,16,13,11,6,10,4,5,7,9,2,17,15,8,18,3,0,3,10,6
14,12,1,16,13,11,6,10,4,9,5,7,2,15,17,8,18,3,0,3,10,6
14,10,16,13,11,6,12,1,15,17,8,18,3,0,4,9,5,7,2,8,6,5
14,10,16,13,11,6,12,1,15,17,8,18,3,0,4,9,5,7,2,8,6,5
14,12,1,15,17,8,18,2,16,13,11,6,10,4,9,5,7,3,0,3,5,11
14,10,16,13,11,6,12,1,4,9,5,7,2,15,17,8,18,3,0,8,5,6
14,16,13,11,6,12,1,15,17,8,18,3,0,10,4,9,5,7,2,7,6,6
14,10,16,13,11,6,12,1,15,17,8,18,3,0,7,5,9,4,2,8,6,5
14,12,1,15,17,8,18,2,16,13,11,6,10,4,9,5,7,3,0,3,5,11
16,13,10,18,8,17,15,2,11,6,12,1,7,5,9,4,14,3,0,8,4,7
14,12,1,8,17,15,18,2,16,13,11,6,10,4,9,5,7,3,0,3,5,11
14,12,1,15,17,8,18,2,16,13,11,6,10,4,9,5,7,3,0,3,5,11
14,16,13,11,6,12,1,15,17,8,18,3,0,10,4,9,5,7,2,7,6,6
10,16,13,11,6,12,1,15,17,8,18,2,7,5,9,4,14,3,0,7,5,7
14,10,16,13,11,6,12,1,15,17,8,18,3,0,4,9,5,7,2,8,6,5
16,13,14,12,1,15,17,8,18,2,11,6,10,4,9,5,7,3,0,5,5,9
15,17,8,18,2,10,16,13,11,6,12,1,7,5,9,4,14,3,0,5,7,7
16,13,11,6,12,1,15,17,8,18,2,7,5,9,4,10,14,3,0,6,5,8
14,12,1,15,17,8,18,2,16,13,11,6,10,4,9,5,7,3,0,3,5,11
14,12,1,15,17,8,18,2,16,13,11,6,10,4,9,5,7,3,0,3,5,11
10,16,13,11,6,12,1,15,17,8,18,2,7,5,9,4,14,3,0,7,5,7
16,13,15,17,8,18,2,11,6,12,1,7,5,9,4,10,14,3,0,7,4,8
14,10,16,13,11,6,12,1,4,9,5,7,2,15,17,8,18,3,0,8,5,6
16,13,11,6,12,1,15,17,8,18,2,5,7,9,4,10,14,3,0,6,5,8
10,16,13,11,6,12,1,15,17,8,18,2,5,7,9,4,14,3,0,7,5,7
16,2,15,17,8,18,14,12,1,6,11,13,10,4,9,5,7,3,0,2,7,10
14,16,13,11,6,12,1,10,4,9,5,7,2,15,17,8,18,3,0,7,6,6
14,12,1,15,17,8,18,2,16,13,11,6,10,4,9,5,7,3,0,3,5,11
14,12,1,16,13,11,6,10,4,9,5,7,2,15,17,8,18,3,0,3,10,6
16,13,11,6,12,1,15,17,8,18,2,5,7,9,4,10,14,3,0,6,5,8
15,17,8,18,2,16,13,11,6,12,1,5,7,9,4,10,14,3,0,5,6,8
15,17,8,18,14,12,1,16,13,11,6,10,4,9,5,7,2,3,0,7,10,2
15,17,8,18,2,16,13,11,6,12,1,5,7,9,4,10,14,3,0,5,6,8
15,17,8,18,2,16,13,11,6,12,1,5,7,9,4,10,14,3,0,5,6,8
16,13,14,15,17,8,18,2,12,1,11,6,10,4,9,5,7,3,0,8,2,9
15,17,8,18,2,16,13,10,11,6,12,1,5,7,9,4,14,3,0,5,7,7
16,13,11,6,12,1,15,17,8,18,2,5,7,9,4,10,14,3,0,6,5,8
14,16,13,11,6,12,1,15,17,8,18,3,0,10,4,9,5,7,2,7,6,6
