14,10,16,13,11,6,12,1,4,9,5,7,2,15,17,8,18,3,0,8,5,6
14,10,16,13,11,6,12,1,4,9,5,7,2,15,17,8,18,3,0,8,5,6
14,10,16,13,11,6,12,1,4,9,5,7,2,15,17,8,18,3,0,8,5,6
14,10,16,13,11,6,12,1,4,9,5,7,2,15,17,8,18,3,0,8,5,6
14,10,16,13,11,6,12,1,4,9,5,7,2,15,17,8,18,3,0,8,5,6
14,10,16,13,11,6,12,1,4,9,5,7,2,15,17,8,18,3,0,8,5,6
14,10,16,13,11,6,12,1,4,9,5,7,2,8,17,15,18,3,0,8,5,6
14,12,1,16,13,11,6,10,4,9,5,7,2,15,17,8,18,3,0,3,10,6
14,10,16,13,11,6,12,1,4,9,5,7,2,15,17,8,18,3,0,8,5,6
14,12,1,16,13,11,6,10,4,9,5,7,2,15,17,8,18,3,0,3,10,6
14,12,1,16,13,11,6,10,4,9,5,7,2,15,17,8,18,3,0,3,10,6
14,10,16,13,11,6,12,1,4,9,5,7,2,15,17,8,18,3,0,8,5,6
14,12,1,16,13,11,6,10,4,9,5,7,2,15,17,8,18,3,0,3,10,6
14,10,16,13,11,6,12,1,4,9,5,7,2,15,17,8,18,3,0,8,5,6
14,10,16,13,11,6,12,1,4,9,5,7,2,15,17,8,18,3,0,8,5,6
14,10,4,9,7,5,16,13,11,6,12,1,0,2,15,17,8,18,3,12,1,6
14,10,16,13,11,6,12,1,4,9,5,7,2,8,17,15,18,3,0,8,5,6
14,10,16,13,11,6,12,1,4,9,5,7,2,15,17,8,18,3,0,8,5,6
14,10,16,13,11,6,12,1,4,9,5,7,2,15,17,8,18,3,0,8,5,6
14,12,1,16,13,11,6,10,4,9,5,7,2,15,17,8,18,3,0,3,10,6
14,12,1,16,13,11,6,10,4,9,5,7,2,15,17,8,18,3,0,3,10,6
14,10,16,13,11,6,12,1,3,15,17,8,18,0,4,9,5,7,2,8,6,5
14,10,16,13,11,6,12,1,4,9,5,7,2,8,17,15,18,3,0,8,5,6
14,10,16,13,11,6,12,1,4,9,5,7,2,8,17,15,18,3,0,8,5,6
14,10,16,13,11,6,12,1,4,9,5,7,2,8,17,15,18,3,0,8,5,6
14,10,16,13,11,6,12,1,4,9,5,7,2,8,17,15,18,3,0,8,5,6
14,10,16,13,11,6,12,1,4,9,5,7,2,8,17,15,18,3,0,8,5,6
14,10,16,13,11,6,12,1,4,9,5,7,2,15,17,8,18,3,0,8,5,6
14,10,16,13,11,6,12,1,4,9,5,7,2,15,17,8,18,3,0,8,5,6
14,12,1,16,13,11,6,10,4,9,5,7,2,15,17,8,18,3,0,3,10,6
14,10,16,13,11,6,12,1,4,9,5,7,2,15,17,8,18,3,0,8,5,6
14,10,16,13,11,6,12,1,4,9,5,7,2,15,17,8,18,3,0,8,5,6
14,10,16,13,11,6,12,1,4,9,5,7,2,15,17,8,18,3,0,8,5,6
14,10,16,13,11,6,12,1,4,9,5,7,2,15,17,8,18,3,0,8,5,6
14,10,16,13,11,6,12,1,4,9,5,7,2,15,17,8,18,3,0,8,5,6
14,10,16,13,11,6,12,1,4,9,5,7,2,15,17,8,18,3,0,8,5,6
14,10,16,13,11,6,12,1,4,9,5,7,2,15,17,8,18,3,0,8,5,6
14,10,16,13,11,6,12,1,4,9,5,7,2,15,17,8,18,3,0,8,5,6
14,10,16,13,11,6,12,1,4,9,5,7,2,15,17,8,18,3,0,8,5,6
14,10,16,13,11,6,12,1,4,9,5,7,2,15,17,8,18,3,0,8,5,6
14,10,16,13,11,6,12,1,4,9,5,7,2,15,17,8,18,3,0,8,5,6
14,10,16,13,11,6,12,1,4,9,5,7,2,15,17,8,18,3,0,8,5,6
14,12,1,16,13,11,6,10,4,9,5,7,2,15,17,8,18,3,0,3,10,6
14,10,16,13,11,6,12,1,4,9,5,7,2,15,17,8,18,3,0,8,5,6
1,14,12,6,11,13,16,10,4,9,5,7,2,15,17,8,18,3,0,1,12,6
14,12,1,16,13,11,6,10,4,9,5,7,2,15,17,8,18,3,0,3,10,6
14,10,16,13,11,6,12,1,4,9,5,7,2,15,17,8,18,3,0,8,5,6
14,10,16,13,11,6,12,1,4,9,5,7,2,15,17,8,18,3,0,8,5,6
14,12,1,16,13,11,6,10,4,9,5,7,2,15,17,8,18,3,0,3,10,6
14,10,16,13,11,6,12,1,4,9,5,7,2,15,17,8,18,3,0,8,5,6
14,12,1,16,13,11,6,10,4,9,5,7,2,15,17,8,18,3,0,3,10,6
1,14,12,6,11,13,16,10,4,9,5,7,2,15,17,8,18,3,0,1,12,6
14,10,16,13,11,6,12,1,4,9,5,7,2,15,17,8,18,3,0,8,5,6
14,10,16,13,11,6,12,1,4,9,5,7,2,15,17,8,18,3,0,8,5,6
14,12,1,16,13,11,6,10,4,9,5,7,2,15,17,8,18,3,0,3,10,6
14,12,1,16,13,11,6,10,4,9,5,7,2,15,17,8,18,3,0,3,10,6
14,12,1,16,13,11,6,10,4,9,5,7,2,15,17,8,18,3,0,3,10,6
14,12,1,16,13,11,6,10,4,9,5,7,2,15,17,8,18,3,0,3,10,6
14,12,1,16,13,11,6,10,4,9,5,7,2,15,17,8,18,3,0,3,10,6
14,12,1,16,13,11,6,10,4,9,5,7,2,15,17,8,18,3,0,3,10,6
14,12,1,16,13,11,6,10,4,9,5,7,2,15,17,8,18,3,0,3,10,6
0,14,10,16,13,11,6,12,1,4,9,5,7,2,15,17,8,18,3,1,8,10
14,10,16,13,11,6,12,1,4,9,5,7,2,8,17,15,18,3,0,8,5,6
14,10,16,13,11,6,12,1,4,9,5,7,2,8,17,15,18,3,0,8,5,6
14,10,16,13,11,6,12,1,4,9,5,7,2,8,17,15,18,3,0,8,5,6
14,10,16,13,11,6,12,1,4,9,5,7,2,8,17,15,18,3,0,8,5,6
14,10,16,13,11,6,12,1,4,9,5,7,2,8,17,15,18,3,0,8,5,6
14,10,16,13,11,6,12,1,3,15,17,8,18,0,4,9,5,7,2,8,6,5
14,10,16,13,11,6,12,1,4,9,5,7,2,8,17,15,18,3,0,8,5,6
14,10,16,13,11,6,12,1,4,9,5,7,2,8,17,15,18,3,0,8,5,6
0,14,10,16,13,11,6,12,1,4,9,5,7,2,15,17,8,18,3,1,8,10
14,10,16,13,11,6,12,1,4,9,5,7,2,8,17,15,18,3,0,8,5,6
14,10,16,13,11,6,12,1,4,9,5,7,2,8,17,15,18,3,0,8,5,6
14,10,16,13,11,6,12,1,4,9,5,7,2,8,17,15,18,3,0,8,5,6
14,10,16,13,11,6,12,1,4,9,5,7,2,15,17,8,18,3,0,8,5,6
14,10,16,13,11,6,12,1,4,9,5,7,2,15,17,8,18,3,0,8,5,6
14,10,16,13,11,6,12,1,4,9,5,7,2,15,17,8,18,3,0,8,5,6
14,10,16,13,11,6,12,1,4,9,5,7,2,15,17,8,18,3,0,8,5,6
14,10,16,13,11,6,12,1,4,9,5,7,2,15,17,8,18,3,0,8,5,6
14,10,16,13,11,6,12,1,4,9,5,7,2,15,17,8,18,3,0,8,5,6
14,10,16,13,11,6,12,1,4,9,5,7,2,15,17,8,18,3,0,8,5,6
14,10,16,13,11,6,12,1,4,9,5,7,2,15,17,8,18,3,0,8,5,6
14,10,16,13,11,6,12,1,4,9,5,7,2,15,17,8,18,3,0,8,5,6
14,10,16,13,11,6,12,1,4,9,5,7,2,15,17,8,18,3,0,8,5,6
14,10,16,13,11,6,12,1,4,9,5,7,2,15,17,8,18,3,0,8,5,6
14,10,16,13,11,6,12,1,4,9,5,7,2,15,17,8,18,3,0,8,5,6
14,10,16,13,11,6,12,1,4,9,5,7,2,15,17,8,18,3,0,8,5,6
14,10,16,13,11,6,12,1,4,9,5,7,2,15,17,8,18,3,0,8,5,6
14,10,16,13,11,6,12,1,4,9,5,7,2,15,17,8,18,3,0,8,5,6
1,14,12,6,11,13,16,10,4,9,5,7,2,15,17,8,18,3,0,1,12,6
14,12,1,16,13,11,6,10,4,9,5,7,2,15,17,8,18,3,0,3,10,6
14,12,1,16,13,11,6,10,4,9,5,7,2,15,17,8,18,3,0,3,10,6
14,10,16,13,11,6,12,1,4,9,5,7,2,15,17,8,18,3,0,8,5,6
14,10,16,13,11,6,12,1,4,9,5,7,2,15,17,8,18,3,0,8,5,6
14,10,16,13,11,6,12,1,4,9,5,7,2,15,17,8,18,3,0,8,5,6
14,10,16,13,11,6,12,1,4,9,5,7,2,15,17,8,18,3,0,8,5,6
14,10,16,13,11,6,12,1,4,9,5,7,2,15,17,8,18,3,0,8,5,6
14,12,1,16,13,11,6,10,4,9,5,7,2,15,17,8,18,3,0,3,10,6
14,12,1,16,13,11,6,10,4,9,5,7,2,15,17,8,18,3,0,3,10,6
14,10,16,13,11,6,12,1,4,9,5,7,2,15,17,8,18,3,0,8,5,6
14,12,1,16,13,11,6,10,4,9,5,7,2,15,17,8,18,3,0,3,10,6
14,12,1,16,13,11,6,10,4,9,5,7,2,15,17,8,18,3,0,3,10,6
14,12,1,16,13,11,6,10,4,9,5,7,2,15,17,8,18,3,0,3,10,6
14,12,1,16,13,11,6,10,4,9,5,7,2,15,17,8,18,3,0,3,10,6
14,10,16,13,11,6,12,1,4,9,5,7,2,15,17,8,18,3,0,8,5,6
14,10,16,13,11,6,12,1,4,9,5,7,2,15,17,8,18,3,0,8,5,6
14,12,1,16,13,11,6,10,4,9,5,7,2,15,17,8,18,3,0,3,10,6
14,10,16,13,11,6,12,1,4,9,5,7,2,15,17,8,18,3,0,8,5,6
14,10,16,13,11,6,12,1,4,9,5,7,2,15,17,8,18,3,0,8,5,6
14,12,1,16,13,11,6,10,4,9,5,7,2,15,17,8,18,3,0,3,10,6
14,10,16,13,11,6,12,1,4,9,5,7,2,15,17,8,18,3,0,8,5,6
14,12,1,16,13,11,6,10,4,9,5,7,2,15,17,8,18,3,0,3,10,6
14,12,1,16,13,11,6,10,4,9,5,7,2,15,17,8,18,3,0,3,10,6
14,12,1,16,13,11,6,10,4,9,5,7,2,15,17,8,18,3,0,3,10,6
14,12,1,16,13,11,6,10,4,9,5,7,2,15,17,8,18,3,0,3,10,6
14,12,1,16,13,11,6,10,4,9,5,7,2,15,17,8,18,3,0,3,10,6
14,12,1,16,13,11,6,10,4,9,5,7,2,15,17,8,18,3,0,3,10,6
14,12,1,16,13,11,6,10,4,9,5,7,2,15,17,8,18,3,0,3,10,6
14,12,1,16,13,11,6,10,4,9,5,7,2,15,17,8,18,3,0,3,10,6
14,12,1,16,13,11,6,10,4,9,5,7,2,15,17,8,18,3,0,3,10,6
14,12,1,16,13,11,6,10,4,9,5,7,2,15,17,8,18,3,0,3,10,6
14,12,1,16,13,11,6,10,4,9,5,7,2,15,17,8,18,3,0,3,10,6
14,12,1,16,13,11,6,10,4,9,5,7,2,15,17,8,18,3,0,3,10,6
14,12,1,16,13,11,6,10,4,9,5,7,2,15,17,8,18,3,0,3,10,6
14,12,1,16,13,11,6,10,4,9,5,7,2,15,17,8,18,3,0,3,10,6
14,10,16,13,11,6,12,1,4,9,5,7,2,15,17,8,18,3,0,8,5,6
14,10,16,13,11,6,12,1,3,15,17,8,18,0,4,9,5,7,2,8,6,5
14,10,16,13,11,6,12,1,4,9,5,7,2,15,17,8,18,3,0,8,5,6
14,10,16,13,11,6,12,1,4,9,5,7,2,8,17,15,18,3,0,8,5,6
14,10,16,13,11,6,12,1,4,9,5,7,2,15,17,8,18,3,0,8,5,6
14,10,16,13,11,6,12,1,4,9,5,7,2,15,17,8,18,3,0,8,5,6
14,10,16,13,11,6,12,1,4,9,5,7,2,15,17,8,18,3,0,8,5,6
14,12,1,16,13,11,6,10,4,9,5,7,2,15,17,8,18,3,0,3,10,6
14,12,1,16,13,11,6,10,4,9,5,7,2,15,17,8,18,3,0,3,10,6
14,12,1,16,13,11,6,10,4,9,5,7,2,15,17,8,18,3,0,3,10,6
14,12,1,16,13,11,6,10,4,9,5,7,2,15,17,8,18,3,0,3,10,6
14,12,1,16,13,11,6,10,4,9,5,7,2,15,17,8,18,3,0,3,10,6
14,10,16,13,11,6,12,1,4,9,5,7,2,8,17,15,18,3,0,8,5,6
14,10,16,13,11,6,12,1,3,15,17,8,18,0,4,9,5,7,2,8,6,5
14,10,16,13,11,6,12,1,4,9,5,7,2,8,17,15,18,3,0,8,5,6
14,10,16,13,11,6,12,1,3,15,17,8,18,0,4,9,5,7,2,8,6,5
14,10,16,13,11,6,12,1,4,9,5,7,2,8,17,15,18,3,0,8,5,6
14,10,16,13,11,6,12,1,4,9,5,7,2,8,17,15,18,3,0,8,5,6
14,10,16,13,11,6,12,1,4,9,5,7,2,8,17,15,18,3,0,8,5,6
14,10,16,13,11,6,12,1,4,9,5,7,2,15,17,8,18,3,0,8,5,6
14,10,16,13,11,6,12,1,4,9,5,7,2,15,17,8,18,3,0,8,5,6
14,10,16,13,11,6,12,1,4,9,5,7,2,15,17,8,18,3,0,8,5,6
14,12,1,16,13,11,6,10,4,9,5,7,2,15,17,8,18,3,0,3,10,6
14,10,16,13,11,6,12,1,4,9,5,7,2,15,17,8,18,3,0,8,5,6
14,10,16,13,11,6,12,1,4,9,5,7,2,8,17,15,18,3,0,8,5,6
14,10,16,13,11,6,12,1,4,9,5,7,2,15,17,8,18,3,0,8,5,6
14,10,16,13,11,6,12,1,4,9,5,7,2,15,17,8,18,3,0,8,5,6
14,10,16,13,11,6,12,1,4,9,5,7,2,15,17,8,18,3,0,8,5,6
14,10,16,13,11,6,12,1,4,9,5,7,2,15,17,8,18,3,0,8,5,6
14,10,16,13,11,6,12,1,4,9,5,7,2,8,17,15,18,3,0,8,5,6
14,10,16,13,11,6,12,1,4,9,5,7,2,8,17,15,18,3,0,8,5,6
14,10,16,13,11,6,12,1,3,15,17,8,18,0,4,9,5,7,2,8,6,5
14,10,16,13,11,6,12,1,4,9,5,7,2,8,17,15,18,3,0,8,5,6
14,10,16,13,11,6,12,1,4,9,5,7,2,8,17,15,18,3,0,8,5,6
14,10,16,13,11,6,12,1,4,9,5,7,2,15,17,8,18,3,0,8,5,6
14,10,16,13,11,6,12,1,4,9,5,7,2,15,17,8,18,3,0,8,5,6
14,10,16,13,11,6,12,1,4,9,5,7,2,15,17,8,18,3,0,8,5,6
14,10,16,13,11,6,12,1,4,9,5,7,2,15,17,8,18,3,0,8,5,6
14,10,16,13,11,6,12,1,4,9,5,7,2,15,17,8,18,3,0,8,5,6
14,10,16,13,11,6,12,1,4,9,5,7,2,15,17,8,18,3,0,8,5,6
14,12,1,16,13,11,6,10,4,9,5,7,2,15,17,8,18,3,0,3,10,6
14,12,1,16,13,11,6,10,4,9,5,7,2,15,17,8,18,3,0,3,10,6
14,12,1,16,13,11,6,10,4,9,5,7,2,15,17,8,18,3,0,3,10,6
14,12,1,16,13,11,6,10,4,9,5,7,2,15,17,8,18,3,0,3,10,6
14,12,1,16,13,11,6,10,4,9,5,7,2,15,17,8,18,3,0,3,10,6
14,12,1,16,13,11,6,10,4,9,5,7,2,15,17,8,18,3,0,3,10,6
14,12,1,16,13,11,6,10,4,9,5,7,2,15,17,8,18,3,0,3,10,6
14,12,1,16,13,11,6,10,4,9,5,7,2,15,17,8,18,3,0,3,10,6
14,12,1,16,13,11,6,10,4,9,5,7,2,15,17,8,18,3,0,3,10,6
14,12,1,16,13,11,6,10,4,9,5,7,2,15,17,8,18,3,0,3,10,6
14,10,16,13,11,6,12,1,4,9,5,7,2,15,17,8,18,3,0,8,5,6
14,10,16,13,11,6,12,1,4,9,5,7,2,15,17,8,18,3,0,8,5,6
14,12,1,16,13,11,6,10,4,9,5,7,2,15,17,8,18,3,0,3,10,6
14,10,16,13,11,6,12,1,4,9,5,7,2,15,17,8,18,3,0,8,5,6
14,10,16,13,11,6,12,1,3,15,17,8,18,0,4,9,5,7,2,8,6,5
14,10,16,13,11,6,12,1,4,9,5,7,2,15,17,8,18,3,0,8,5,6
14,10,16,13,11,6,12,1,4,9,5,7,2,15,17,8,18,3,0,8,5,6
14,12,1,16,13,11,6,10,4,9,5,7,2,15,17,8,18,3,0,3,10,6
14,10,16,13,11,6,12,1,4,9,5,7,2,15,17,8,18,3,0,8,5,6
14,10,16,13,11,6,12,1,4,9,5,7,2,15,17,8,18,3,0,8,5,6
14,10,16,13,11,6,12,1,4,9,5,7,2,15,17,8,18,3,0,8,5,6
14,10,16,13,11,6,12,1,4,9,5,7,2,15,17,8,18,3,0,8,5,6
14,10,16,13,11,6,12,1,4,9,5,7,2,15,17,8,18,3,0,8,5,6
14,10,16,13,11,6,12,1,4,9,5,7,2,15,17,8,18,3,0,8,5,6
14,12,1,16,13,11,6,10,4,9,5,7,2,15,17,8,18,3,0,3,10,6
14,12,1,16,13,11,6,10,4,9,5,7,2,15,17,8,18,3,0,3,10,6
14,10,16,13,11,6,12,1,4,9,5,7,2,15,17,8,18,3,0,8,5,6
14,10,16,13,11,6,12,1,4,9,5,7,2,15,17,8,18,3,0,8,5,6
14,12,1,16,13,11,6,10,4,9,5,7,2,15,17,8,18,3,0,3,10,6
