3,15,17,8,18,0,14,6,11,13,16,10,4,9,7,5,2,1,12,6,11,2
4,10,16,13,11,6,12,1,0,3,8,17,15,18,14,9,5,7,2,8,1,10
6,11,13,16,10,4,5,7,9,2,0,3,18,8,17,15,14,12,1,10,1,8
14,0,3,15,17,8,18,2,10,4,9,7,5,16,13,11,6,12,1,2,6,11
12,1,2,7,5,9,4,6,11,13,16,10,14,8,17,15,18,3,0,2,5,12
12,1,6,11,13,16,10,14,18,8,17,15,3,0,2,7,5,9,4,2,12,5
3,18,8,17,15,2,4,10,0,14,9,7,5,16,13,11,6,12,1,8,1,10
14,12,1,8,17,15,18,3,0,7,5,16,13,11,6,10,4,9,2,3,6,10
9,5,7,2,14,4,10,13,16,6,11,12,1,8,17,15,18,3,0,4,9,6
10,13,16,11,6,12,1,14,3,18,8,15,17,0,4,9,7,5,2,7,7,5
14,6,11,13,16,10,12,1,4,9,5,7,2,8,17,15,18,3,0,8,5,6
10,16,13,11,6,12,1,8,17,15,18,3,0,14,4,9,5,7,2,7,6,6
10,16,13,11,6,12,1,15,17,8,18,3,0,14,4,9,5,7,2,7,6,6
10,16,13,11,6,12,1,8,17,15,18,3,0,14,4,9,5,7,2,7,6,6
8,17,15,18,3,0,14,10,13,16,11,6,12,1,4,9,5,7,2,6,8,5
14,10,16,13,11,6,12,1,4,9,5,7,2,15,17,8,18,3,0,8,5,6
14,12,1,8,17,15,18,3,0,6,11,13,16,10,4,9,5,7,2,3,6,10
12,1,14,6,11,13,16,10,4,7,5,9,2,15,17,8,18,3,0,2,11,6
18,8,15,17,14,10,16,13,11,6,12,1,4,9,5,7,2,3,0,12,5,2
14,10,16,13,11,6,12,1,4,9,5,7,2,15,17,8,18,3,0,8,5,6
18,8,15,17,11,16,13,6,12,1,14,10,4,9,5,7,2,3,0,10,7,2
14,18,8,17,15,2,12,1,6,11,16,13,10,4,9,5,7,3,0,6,2,11
10,16,13,11,6,12,1,0,14,4,7,5,9,2,15,17,8,18,3,7,1,11
14,2,10,13,16,11,6,12,1,7,5,9,4,15,17,8,18,3,0,2,7,10
10,16,13,6,11,12,1,15,17,8,18,3,0,14,4,9,5,7,2,7,6,6
14,18,15,17,8,2,10,16,13,11,6,12,1,7,5,9,4,3,0,6,7,6
6,11,13,16,10,14,18,8,17,15,2,12,1,7,5,9,4,3,0,11,2,6
6,11,13,16,10,14,18,8,17,15,2,12,1,7,5,9,4,3,0,11,2,6
8,17,15,18,14,12,1,16,13,11,6,10,4,9,5,7,2,3,0,7,10,2
8,17,15,18,14,12,1,2,16,13,11,6,10,4,9,5,7,3,0,7,1,11
18,8,17,15,2,16,13,6,11,12,1,7,5,9,4,10,14,3,0,5,6,8
15,17,8,18,2,10,16,13,11,6,12,1,7,5,9,4,14,3,0,5,7,7
14,12,1,16,13,11,6,10,5,7,9,4,2,15,17,8,18,3,0,3,10,6
14,10,16,13,11,6,12,1,4,9,5,7,2,15,17,8,18,3,0,8,5,6
14,12,1,16,13,11,6,17,15,8,18,3,0,10,4,9,5,7,2,3,10,6
14,18,8,17,15,2,11,6,12,1,16,13,10,4,5,7,9,3,0,6,4,9
16,13,11,6,12,1,8,17,15,18,2,7,5,9,4,10,14,3,0,6,5,8
14,16,13,10,11,6,12,1,15,17,8,18,3,0,4,9,5,7,2,8,6,5
15,17,8,18,14,12,1,16,13,11,6,10,4,2,7,5,9,3,0,7,7,5
2,16,13,11,6,12,1,7,5,9,4,10,14,18,8,17,15,3,0,1,6,12
14,15,17,8,18,2,16,13,11,6,12,1,10,4,9,5,7,3,0,6,6,7
14,10,16,13,11,6,12,1,15,17,8,18,3,0,5,7,9,4,2,8,6,5
14,10,13,16,11,6,12,1,15,17,8,18,2,7,5,9,4,3,0,8,5,6
16,13,14,18,8,17,15,2,12,1,11,6,10,4,5,7,9,3,0,8,2,9
15,17,8,18,14,16,13,11,6,12,1,7,5,9,2,10,4,3,0,11,4,4
15,17,8,18,2,16,13,11,6,10,14,12,1,5,7,9,4,3,0,5,8,6
10,16,13,11,6,12,1,15,17,8,18,2,5,7,9,4,14,3,0,7,5,7
16,13,11,6,12,1,15,17,8,18,2,5,7,9,4,10,14,3,0,6,5,8
16,15,17,8,18,2,14,12,1,6,11,13,10,4,9,5,7,3,0,6,3,10
14,16,13,11,6,12,1,15,17,8,18,2,10,4,9,5,7,3,0,7,5,7
16,13,11,14,12,1,15,17,8,18,2,6,10,4,9,5,7,3,0,6,5,8
0,4,10,16,13,11,6,12,1,14,3,15,17,8,18,2,5,7,9,1,9,9
3,18,8,17,15,2,7,5,9,4,14,0,10,16,13,11,6,12,1,10,2,7
7,5,9,4,10,16,13,11,6,12,1,0,2,3,18,17,15,8,14,11,1,7
1,12,6,11,13,16,10,14,3,15,17,8,18,0,4,9,5,7,2,8,6,5
3,15,17,8,18,14,10,4,2,9,7,5,16,13,11,6,12,1,0,9,9,1
10,6,11,13,16,5,7,9,4,14,12,1,0,3,18,8,17,15,2,12,1,6
14,12,1,6,11,16,13,10,4,9,5,7,2,8,17,15,18,3,0,3,10,6
14,16,13,11,6,12,1,8,17,15,18,3,0,10,4,9,5,7,2,7,6,6
6,11,13,16,10,4,9,5,7,2,14,12,1,8,17,15,18,3,0,10,3,6
10,16,13,11,6,12,1,0,3,15,17,8,18,14,4,9,5,7,2,7,1,11
14,18,8,17,15,2,7,5,9,4,10,13,16,11,6,12,1,3,0,6,11,2
14,10,16,13,11,6,12,1,4,9,5,7,2,15,17,8,18,3,0,8,5,6
14,10,16,13,11,6,12,1,8,17,15,0,4,9,5,7,2,18,3,8,4,7
12,6,11,13,16,10,4,7,5,9,14,1,2,15,17,8,18,3,0,12,1,6
10,16,13,11,6,12,1,14,18,8,15,17,3,0,4,9,5,7,2,7,7,5
16,13,11,6,12,1,14,10,4,9,5,7,2,15,17,8,18,3,0,6,7,6
14,10,13,16,11,6,12,1,4,9,5,7,2,15,17,8,18,3,0,8,5,6
14,10,13,16,11,6,12,1,4,9,5,7,2,8,17,15,18,3,0,8,5,6
14,17,15,8,18,3,0,16,13,11,6,12,1,10,4,9,5,7,2,7,6,6
14,16,13,11,6,12,1,15,17,8,18,3,0,10,4,9,5,7,2,7,6,6
14,10,16,13,11,6,12,1,4,9,5,7,2,15,17,8,18,3,0,8,5,6
14,17,15,8,18,2,10,16,13,11,6,12,1,4,9,5,7,3,0,6,7,6
14,10,16,13,11,6,12,1,4,9,5,7,2,15,17,8,18,3,0,8,5,6
14,10,16,13,11,6,12,1,15,17,8,18,3,0,4,9,5,7,2,8,6,5
16,13,11,6,14,18,15,17,8,2,12,1,10,4,9,5,7,3,0,10,2,7
14,15,17,8,18,2,16,13,11,6,12,1,10,4,7,5,9,3,0,6,6,7
14,10,16,13,11,6,12,1,15,17,8,18,3,0,4,9,5,7,2,8,6,5
10,13,16,11,6,12,1,15,17,8,18,3,2,7,5,9,4,14,0,7,6,6
15,17,8,18,14,12,1,6,11,16,13,10,4,9,5,7,2,3,0,7,10,2
18,14,12,1,6,11,13,16,10,4,9,5,7,0,15,17,8,3,2,4,10,5
14,12,1,6,11,16,13,10,4,9,5,7,2,15,17,8,18,3,0,3,10,6
16,13,11,6,12,1,10,4,14,0,8,17,15,18,3,9,5,7,2,6,4,9
14,10,16,13,6,11,12,1,15,17,8,18,3,0,4,9,5,7,2,8,6,5
16,13,10,2,11,6,12,1,7,5,9,4,14,17,15,8,18,3,0,4,4,11
14,10,16,13,11,6,12,1,7,5,4,9,2,15,17,8,18,3,0,8,5,6
10,16,13,11,6,12,1,15,17,8,18,2,7,5,9,4,14,3,0,7,5,7
14,10,16,13,6,11,12,1,15,17,8,18,3,0,4,9,5,7,2,8,6,5
1,12,6,11,13,16,10,14,15,17,8,18,2,7,5,9,4,3,0,1,12,6
15,17,14,16,13,10,11,6,12,1,8,18,3,0,4,9,5,7,2,10,4,5
13,16,14,12,1,15,17,8,18,2,11,6,10,4,9,7,5,3,0,5,5,9
14,10,16,13,11,6,12,1,15,17,8,18,3,0,4,9,5,7,2,8,6,5
15,17,8,18,14,16,13,11,6,12,1,7,5,9,2,10,4,3,0,11,4,4
14,13,16,10,11,6,12,1,15,17,8,18,3,0,5,7,9,4,2,8,6,5
15,17,14,12,1,16,13,11,6,10,4,5,7,9,2,8,18,3,0,5,10,4
14,13,16,11,6,12,1,10,4,9,5,7,2,15,17,8,18,3,0,7,6,6
10,15,17,8,18,2,16,13,11,6,12,1,5,7,9,4,14,3,0,6,6,7
10,14,18,8,17,15,2,16,13,11,6,12,1,5,7,9,4,3,0,7,6,6
16,13,14,12,1,15,17,8,18,2,11,6,10,4,9,5,7,3,0,5,5,9
16,13,12,1,15,17,8,18,2,11,6,10,5,7,9,4,14,3,0,4,5,10
16,18,12,6,11,13,10,14,1,8,17,15,2,5,7,9,4,3,0,9,4,6
16,13,12,1,15,17,8,18,2,14,6,11,10,4,9,5,7,3,0,4,5,10
0,1,12,6,11,13,16,10,4,3,15,17,8,18,2,7,5,9,14,1,8,10
3,15,17,8,18,1,14,12,6,11,13,16,10,4,9,5,7,2,0,6,12,1
14,10,16,13,11,6,12,1,4,9,5,7,2,8,17,15,18,3,0,8,5,6
14,10,16,13,11,6,12,1,0,3,18,8,17,15,2,7,5,9,4,8,1,10
10,16,13,11,6,12,1,14,4,9,7,5,2,15,17,8,18,3,0,7,6,6
14,10,16,13,11,6,12,1,15,17,8,18,3,0,4,9,5,7,2,8,6,5
14,10,16,13,11,6,12,1,15,17,8,18,3,0,4,9,5,7,2,8,6,5
14,12,1,16,13,11,6,10,4,9,5,7,2,15,17,8,18,3,0,3,10,6
14,15,17,8,18,2,11,6,12,1,16,13,10,4,9,5,7,3,0,6,4,9
15,17,8,18,2,16,13,11,6,12,1,7,5,9,4,10,14,3,0,5,6,8
15,17,8,18,2,16,13,11,6,12,1,5,7,9,4,10,14,3,0,5,6,8
16,13,11,6,12,1,15,17,8,18,2,5,7,9,4,10,14,3,0,6,5,8
0,14,4,10,16,13,11,6,12,1,3,15,17,8,18,9,5,7,2,1,9,9
3,15,17,8,18,0,14,10,16,13,11,6,12,1,4,9,5,7,2,6,8,5
6,11,16,13,10,4,9,5,7,2,14,12,1,8,17,15,18,3,0,10,3,6
14,10,16,13,11,6,12,1,15,17,8,18,3,0,4,9,5,7,2,8,6,5
2,10,16,13,11,6,12,1,7,5,9,4,14,18,8,17,15,3,0,1,7,11
14,10,16,13,11,6,12,1,4,9,5,7,2,15,17,8,18,3,0,8,5,6
14,12,1,6,11,13,16,10,4,9,5,7,2,15,17,8,18,3,0,3,10,6
14,16,13,11,6,12,1,15,17,8,18,3,0,10,4,9,5,7,2,7,6,6
14,12,1,16,13,11,6,10,4,9,5,7,2,15,17,8,18,3,0,3,10,6
14,12,1,16,13,11,6,10,4,9,5,7,2,15,17,8,18,3,0,3,10,6
15,17,8,18,2,16,13,11,6,12,1,5,7,9,4,10,14,3,0,5,6,8
